{
 "cells": [
  {
   "cell_type": "code",
   "execution_count": 4,
   "metadata": {
    "collapsed": true
   },
   "outputs": [],
   "source": [
    "import numpy as np # linear algebra\n",
    "import pandas as pd # data processing, CSV file I/O (e.g. pd.read_csv)\n",
    "import matplotlib as mpl\n",
    "import matplotlib.pyplot as plt\n",
    "import seaborn as sns\n",
    "%matplotlib inline"
   ]
  },
  {
   "cell_type": "code",
   "execution_count": 5,
   "metadata": {
    "collapsed": false
   },
   "outputs": [
    {
     "data": {
      "text/plain": [
       "'0.17.1'"
      ]
     },
     "execution_count": 5,
     "metadata": {},
     "output_type": "execute_result"
    }
   ],
   "source": [
    "pd.__version__ #pandas version"
   ]
  },
  {
   "cell_type": "markdown",
   "metadata": {},
   "source": [
    "# Establish Connection to DB through SSH"
   ]
  },
  {
   "cell_type": "code",
   "execution_count": 6,
   "metadata": {
    "collapsed": false
   },
   "outputs": [],
   "source": [
    "from sshtunnel import SSHTunnelForwarder\n",
    "import MySQLdb as db\n",
    "import pandas as pd\n",
    "import sys\n",
    "import logging\n",
    "#logging.basicConfig(stream=sys.stdout, level=logging.DEBUG) \n",
    "import paramiko\n",
    "#ssh = paramiko.SSHClient()\n",
    "#ssh.set_missing_host_key_policy(paramiko.AutoAddPolicy())\n",
    "#ssh.connect('ssicluster2.tk.informatik.tu-darmstadt.de',port = 12822, username='arun',password='ArunDss@123',allow_agent=False,look_for_keys=False)\n",
    "localhost = '127.0.0.1'\n",
    "user = 'root'\n",
    "password='kUrsVbpyfFWF'\n",
    "database = 'Energy_AD'\n",
    "def query(q):\n",
    "     with SSHTunnelForwarder(\n",
    "          ('ssicluster2.tk.informatik.tu-darmstadt.de', 12822),\n",
    "          allow_agent=False,\n",
    "          ssh_username='arun',\n",
    "          ssh_password = 'ArunDss@123',\n",
    "          #remote_bind_address=('130.83.163.8', 3306)\n",
    "          remote_bind_address=('127.0.0.1', 3306)\n",
    "           \n",
    "     ) as server:\n",
    "          conn = db.connect(host=localhost,\n",
    "          port=server.local_bind_port,\n",
    "          user=user,\n",
    "          passwd=password,\n",
    "          db=database)\n",
    "\n",
    "          return pd.read_sql_query(q, conn)"
   ]
  },
  {
   "cell_type": "markdown",
   "metadata": {},
   "source": [
    "# Run the desired query "
   ]
  },
  {
   "cell_type": "code",
   "execution_count": 10,
   "metadata": {
    "collapsed": false
   },
   "outputs": [
    {
     "name": "stdout",
     "output_type": "stream",
     "text": [
      "Start date and time using str method of datetime object:\n",
      "2016-12-22 11:18:23.989136\n",
      "SELECT * FROM energy_sample_data1 where location like 'Torschlag_Trafo%' ORDER BY Serial_no LIMIT 518401\n",
      "End date and time using str method of datetime object:\n",
      "2016-12-22 11:22:35.497293\n",
      "Execution Completed\n"
     ]
    }
   ],
   "source": [
    "#!/home/arun/anaconda2/bin/python\n",
    "import MySQLdb as db1\n",
    "import pandas as pd\n",
    "import datetime\n",
    "import pandas.io.sql as psql\n",
    "\n",
    "now = datetime.datetime.now()\n",
    "print \"Start date and time using str method of datetime object:\"\n",
    "print str(now)\n",
    "\n",
    "chunk_size = 518401\n",
    "offset = 0\n",
    "location = 'Torschlag_Trafo' + '%'\n",
    "list_data = []\n",
    "#Uncomment and run the below query to read all the data of particular location\n",
    "#while True:\n",
    "#    q = (\"SELECT * FROM energy_sample_data1 where location like '%s' ORDER BY Serial_no LIMIT %s\" % (location,chunk_size))\n",
    "#    print(q)\n",
    "#    list_data.append(query(q))\n",
    "#    offset += chunk_size\n",
    "#    if len(list_data[-1]) < chunk_size:\n",
    "#        break\n",
    "#print(\"Query executed\")\n",
    "# print(\"Concatenating....\")\n",
    "# dfs = pd.concat(list_data)\n",
    "\n",
    "#To read only specific rows of data\n",
    "q = (\"SELECT * FROM energy_sample_data1 where location like '%s' ORDER BY Serial_no LIMIT %s\" % (location,chunk_size))\n",
    "print(q)\n",
    "list_data.append(query(q))\n",
    "dfs = pd.concat(list_data)\n",
    "\n",
    "\n",
    "\n",
    "now1 = datetime.datetime.now()\n",
    "print \"End date and time using str method of datetime object:\"\n",
    "print str(now1)\n",
    "\n",
    "print(\"Execution Completed\")\n",
    "\n",
    "\n",
    "\n",
    "\n",
    "\n"
   ]
  },
  {
   "cell_type": "code",
   "execution_count": 11,
   "metadata": {
    "collapsed": false
   },
   "outputs": [
    {
     "data": {
      "text/plain": [
       "(518401, 16)"
      ]
     },
     "execution_count": 11,
     "metadata": {},
     "output_type": "execute_result"
    }
   ],
   "source": [
    "dfs.shape"
   ]
  },
  {
   "cell_type": "code",
   "execution_count": 12,
   "metadata": {
    "collapsed": false
   },
   "outputs": [
    {
     "data": {
      "text/html": [
       "<div>\n",
       "<table border=\"1\" class=\"dataframe\">\n",
       "  <thead>\n",
       "    <tr style=\"text-align: right;\">\n",
       "      <th></th>\n",
       "      <th>Serial_no</th>\n",
       "      <th>Date</th>\n",
       "      <th>Time</th>\n",
       "      <th>V1</th>\n",
       "      <th>V2</th>\n",
       "      <th>V3</th>\n",
       "      <th>I1</th>\n",
       "      <th>I2</th>\n",
       "      <th>I3</th>\n",
       "      <th>I_N</th>\n",
       "      <th>Pges</th>\n",
       "      <th>Sges</th>\n",
       "      <th>CosPhi</th>\n",
       "      <th>Egy_trpt</th>\n",
       "      <th>Egy_con</th>\n",
       "      <th>Location</th>\n",
       "    </tr>\n",
       "  </thead>\n",
       "  <tbody>\n",
       "    <tr>\n",
       "      <th>518396</th>\n",
       "      <td>63229357</td>\n",
       "      <td>2016-01-03</td>\n",
       "      <td>23:59:56</td>\n",
       "      <td>232.25</td>\n",
       "      <td>231.62</td>\n",
       "      <td>231.90</td>\n",
       "      <td>20.44</td>\n",
       "      <td>24.63</td>\n",
       "      <td>21.88</td>\n",
       "      <td>8.09</td>\n",
       "      <td>15137.20</td>\n",
       "      <td>15523.66</td>\n",
       "      <td>0.97</td>\n",
       "      <td>20356</td>\n",
       "      <td>14694156.80</td>\n",
       "      <td>Torschlag_Trafo_03012016.csv</td>\n",
       "    </tr>\n",
       "    <tr>\n",
       "      <th>518397</th>\n",
       "      <td>63229358</td>\n",
       "      <td>2016-01-03</td>\n",
       "      <td>23:59:57</td>\n",
       "      <td>232.25</td>\n",
       "      <td>231.62</td>\n",
       "      <td>231.90</td>\n",
       "      <td>20.44</td>\n",
       "      <td>24.63</td>\n",
       "      <td>21.88</td>\n",
       "      <td>8.09</td>\n",
       "      <td>15137.20</td>\n",
       "      <td>15523.66</td>\n",
       "      <td>0.97</td>\n",
       "      <td>20356</td>\n",
       "      <td>14694156.80</td>\n",
       "      <td>Torschlag_Trafo_03012016.csv</td>\n",
       "    </tr>\n",
       "    <tr>\n",
       "      <th>518398</th>\n",
       "      <td>63229359</td>\n",
       "      <td>2016-01-03</td>\n",
       "      <td>23:59:58</td>\n",
       "      <td>232.25</td>\n",
       "      <td>231.62</td>\n",
       "      <td>231.90</td>\n",
       "      <td>20.44</td>\n",
       "      <td>24.63</td>\n",
       "      <td>21.88</td>\n",
       "      <td>8.09</td>\n",
       "      <td>15137.20</td>\n",
       "      <td>15523.66</td>\n",
       "      <td>0.97</td>\n",
       "      <td>20356</td>\n",
       "      <td>14694156.80</td>\n",
       "      <td>Torschlag_Trafo_03012016.csv</td>\n",
       "    </tr>\n",
       "    <tr>\n",
       "      <th>518399</th>\n",
       "      <td>63229360</td>\n",
       "      <td>2016-01-03</td>\n",
       "      <td>23:59:59</td>\n",
       "      <td>232.25</td>\n",
       "      <td>231.62</td>\n",
       "      <td>231.90</td>\n",
       "      <td>20.44</td>\n",
       "      <td>24.63</td>\n",
       "      <td>21.88</td>\n",
       "      <td>8.09</td>\n",
       "      <td>15137.20</td>\n",
       "      <td>15523.66</td>\n",
       "      <td>0.97</td>\n",
       "      <td>20356</td>\n",
       "      <td>14694156.80</td>\n",
       "      <td>Torschlag_Trafo_03012016.csv</td>\n",
       "    </tr>\n",
       "    <tr>\n",
       "      <th>518400</th>\n",
       "      <td>63274031</td>\n",
       "      <td>2016-02-03</td>\n",
       "      <td>00:00:00</td>\n",
       "      <td>234.99</td>\n",
       "      <td>235.40</td>\n",
       "      <td>235.33</td>\n",
       "      <td>6.26</td>\n",
       "      <td>13.95</td>\n",
       "      <td>13.28</td>\n",
       "      <td>10.37</td>\n",
       "      <td>7609.34</td>\n",
       "      <td>7889.32</td>\n",
       "      <td>0.92</td>\n",
       "      <td>24188</td>\n",
       "      <td>31220528.64</td>\n",
       "      <td>Torschlag_Trafo_03022016.csv</td>\n",
       "    </tr>\n",
       "  </tbody>\n",
       "</table>\n",
       "</div>"
      ],
      "text/plain": [
       "        Serial_no        Date     Time      V1      V2      V3     I1     I2  \\\n",
       "518396   63229357  2016-01-03 23:59:56  232.25  231.62  231.90  20.44  24.63   \n",
       "518397   63229358  2016-01-03 23:59:57  232.25  231.62  231.90  20.44  24.63   \n",
       "518398   63229359  2016-01-03 23:59:58  232.25  231.62  231.90  20.44  24.63   \n",
       "518399   63229360  2016-01-03 23:59:59  232.25  231.62  231.90  20.44  24.63   \n",
       "518400   63274031  2016-02-03 00:00:00  234.99  235.40  235.33   6.26  13.95   \n",
       "\n",
       "           I3    I_N      Pges      Sges  CosPhi  Egy_trpt      Egy_con  \\\n",
       "518396  21.88   8.09  15137.20  15523.66    0.97     20356  14694156.80   \n",
       "518397  21.88   8.09  15137.20  15523.66    0.97     20356  14694156.80   \n",
       "518398  21.88   8.09  15137.20  15523.66    0.97     20356  14694156.80   \n",
       "518399  21.88   8.09  15137.20  15523.66    0.97     20356  14694156.80   \n",
       "518400  13.28  10.37   7609.34   7889.32    0.92     24188  31220528.64   \n",
       "\n",
       "                            Location  \n",
       "518396  Torschlag_Trafo_03012016.csv  \n",
       "518397  Torschlag_Trafo_03012016.csv  \n",
       "518398  Torschlag_Trafo_03012016.csv  \n",
       "518399  Torschlag_Trafo_03012016.csv  \n",
       "518400  Torschlag_Trafo_03022016.csv  "
      ]
     },
     "execution_count": 12,
     "metadata": {},
     "output_type": "execute_result"
    }
   ],
   "source": [
    "dfs.tail()"
   ]
  },
  {
   "cell_type": "markdown",
   "metadata": {},
   "source": [
    "# Read the saved CSV\n"
   ]
  },
  {
   "cell_type": "code",
   "execution_count": null,
   "metadata": {
    "collapsed": true
   },
   "outputs": [],
   "source": [
    "dfs = pd.read_csv('Torschlag_df.csv',sep=',')"
   ]
  },
  {
   "cell_type": "code",
   "execution_count": null,
   "metadata": {
    "collapsed": false
   },
   "outputs": [],
   "source": [
    "dfs.shape #DataFrame containing all fields of Siedlerstr_Trafo"
   ]
  },
  {
   "cell_type": "code",
   "execution_count": null,
   "metadata": {
    "collapsed": true
   },
   "outputs": [],
   "source": [
    "columns_list = dfs.columns"
   ]
  },
  {
   "cell_type": "markdown",
   "metadata": {},
   "source": [
    "# Run the below code when data is read from SQL"
   ]
  },
  {
   "cell_type": "code",
   "execution_count": 13,
   "metadata": {
    "collapsed": false
   },
   "outputs": [],
   "source": [
    "cols = 'DESC energy_sample_data1 '\n",
    "columns_list = query(cols)"
   ]
  },
  {
   "cell_type": "code",
   "execution_count": 14,
   "metadata": {
    "collapsed": false
   },
   "outputs": [
    {
     "name": "stdout",
     "output_type": "stream",
     "text": [
      "Columns names:\n",
      "0     Serial_no\n",
      "1          Date\n",
      "2          Time\n",
      "3            V1\n",
      "4            V2\n",
      "5            V3\n",
      "6            I1\n",
      "7            I2\n",
      "8            I3\n",
      "9           I_N\n",
      "10         Pges\n",
      "11         Sges\n",
      "12       CosPhi\n",
      "13     Egy_trpt\n",
      "14      Egy_con\n",
      "15     Location\n",
      "Name: Field, dtype: object\n"
     ]
    }
   ],
   "source": [
    "cols_sql = pd.DataFrame(columns_list)\n",
    "print(\"Columns names:\")\n",
    "print(cols_sql.iloc[:,0])"
   ]
  },
  {
   "cell_type": "code",
   "execution_count": 15,
   "metadata": {
    "collapsed": false
   },
   "outputs": [
    {
     "name": "stdout",
     "output_type": "stream",
     "text": [
      "Columns names:\n",
      "['Serial_no', 'Date', 'Time', 'V1', 'V2', 'V3', 'I1', 'I2', 'I3', 'I_N', 'Pges', 'Sges', 'CosPhi', 'Egy_trpt', 'Egy_con', 'Location']\n"
     ]
    }
   ],
   "source": [
    "#df_cols = cols_sql.iloc[:,0] # use this to read columns from sql\n",
    "#columns_names= df_cols.tolist()\n",
    "\n",
    "print(\"Columns names:\")\n",
    "print(dfs.columns.tolist())"
   ]
  },
  {
   "cell_type": "code",
   "execution_count": 16,
   "metadata": {
    "collapsed": false
   },
   "outputs": [
    {
     "data": {
      "text/plain": [
       "323"
      ]
     },
     "execution_count": 16,
     "metadata": {},
     "output_type": "execute_result"
    }
   ],
   "source": [
    "import gc\n",
    "gc.collect()\n",
    "#dfs.iloc[0:2500000][1:].corr()\n",
    "#dfs.ix[0:2500000,'Serial_no':].corr()"
   ]
  },
  {
   "cell_type": "code",
   "execution_count": 17,
   "metadata": {
    "collapsed": false
   },
   "outputs": [
    {
     "data": {
      "text/html": [
       "<div>\n",
       "<table border=\"1\" class=\"dataframe\">\n",
       "  <thead>\n",
       "    <tr style=\"text-align: right;\">\n",
       "      <th></th>\n",
       "      <th>Serial_no</th>\n",
       "      <th>V1</th>\n",
       "      <th>V2</th>\n",
       "      <th>V3</th>\n",
       "      <th>I1</th>\n",
       "      <th>I2</th>\n",
       "      <th>I3</th>\n",
       "      <th>I_N</th>\n",
       "      <th>Pges</th>\n",
       "      <th>Sges</th>\n",
       "      <th>CosPhi</th>\n",
       "      <th>Egy_trpt</th>\n",
       "      <th>Egy_con</th>\n",
       "    </tr>\n",
       "  </thead>\n",
       "  <tbody>\n",
       "    <tr>\n",
       "      <th>Serial_no</th>\n",
       "      <td>1.000000</td>\n",
       "      <td>-0.039790</td>\n",
       "      <td>-0.005592</td>\n",
       "      <td>-0.026317</td>\n",
       "      <td>0.055864</td>\n",
       "      <td>0.095806</td>\n",
       "      <td>0.117038</td>\n",
       "      <td>0.093894</td>\n",
       "      <td>0.091931</td>\n",
       "      <td>0.092922</td>\n",
       "      <td>-0.082033</td>\n",
       "      <td>-0.399772</td>\n",
       "      <td>-0.323157</td>\n",
       "    </tr>\n",
       "    <tr>\n",
       "      <th>V1</th>\n",
       "      <td>-0.039790</td>\n",
       "      <td>1.000000</td>\n",
       "      <td>0.989230</td>\n",
       "      <td>0.994610</td>\n",
       "      <td>-0.249485</td>\n",
       "      <td>-0.311914</td>\n",
       "      <td>-0.331771</td>\n",
       "      <td>-0.326405</td>\n",
       "      <td>-0.300196</td>\n",
       "      <td>-0.300263</td>\n",
       "      <td>0.184387</td>\n",
       "      <td>0.140612</td>\n",
       "      <td>-0.155394</td>\n",
       "    </tr>\n",
       "    <tr>\n",
       "      <th>V2</th>\n",
       "      <td>-0.005592</td>\n",
       "      <td>0.989230</td>\n",
       "      <td>1.000000</td>\n",
       "      <td>0.992374</td>\n",
       "      <td>-0.294798</td>\n",
       "      <td>-0.365359</td>\n",
       "      <td>-0.372163</td>\n",
       "      <td>-0.370454</td>\n",
       "      <td>-0.348111</td>\n",
       "      <td>-0.347836</td>\n",
       "      <td>0.176888</td>\n",
       "      <td>0.109067</td>\n",
       "      <td>-0.168809</td>\n",
       "    </tr>\n",
       "    <tr>\n",
       "      <th>V3</th>\n",
       "      <td>-0.026317</td>\n",
       "      <td>0.994610</td>\n",
       "      <td>0.992374</td>\n",
       "      <td>1.000000</td>\n",
       "      <td>-0.260959</td>\n",
       "      <td>-0.324328</td>\n",
       "      <td>-0.344508</td>\n",
       "      <td>-0.347641</td>\n",
       "      <td>-0.312844</td>\n",
       "      <td>-0.312771</td>\n",
       "      <td>0.181787</td>\n",
       "      <td>0.135821</td>\n",
       "      <td>-0.152048</td>\n",
       "    </tr>\n",
       "    <tr>\n",
       "      <th>I1</th>\n",
       "      <td>0.055864</td>\n",
       "      <td>-0.249485</td>\n",
       "      <td>-0.294798</td>\n",
       "      <td>-0.260959</td>\n",
       "      <td>1.000000</td>\n",
       "      <td>0.938989</td>\n",
       "      <td>0.948304</td>\n",
       "      <td>0.698044</td>\n",
       "      <td>0.974047</td>\n",
       "      <td>0.974465</td>\n",
       "      <td>0.275750</td>\n",
       "      <td>-0.187956</td>\n",
       "      <td>0.037284</td>\n",
       "    </tr>\n",
       "    <tr>\n",
       "      <th>I2</th>\n",
       "      <td>0.095806</td>\n",
       "      <td>-0.311914</td>\n",
       "      <td>-0.365359</td>\n",
       "      <td>-0.324328</td>\n",
       "      <td>0.938989</td>\n",
       "      <td>1.000000</td>\n",
       "      <td>0.967206</td>\n",
       "      <td>0.837937</td>\n",
       "      <td>0.987078</td>\n",
       "      <td>0.987179</td>\n",
       "      <td>0.108137</td>\n",
       "      <td>-0.191715</td>\n",
       "      <td>0.099331</td>\n",
       "    </tr>\n",
       "    <tr>\n",
       "      <th>I3</th>\n",
       "      <td>0.117038</td>\n",
       "      <td>-0.331771</td>\n",
       "      <td>-0.372163</td>\n",
       "      <td>-0.344508</td>\n",
       "      <td>0.948304</td>\n",
       "      <td>0.967206</td>\n",
       "      <td>1.000000</td>\n",
       "      <td>0.788320</td>\n",
       "      <td>0.988254</td>\n",
       "      <td>0.988599</td>\n",
       "      <td>0.150111</td>\n",
       "      <td>-0.233476</td>\n",
       "      <td>0.071170</td>\n",
       "    </tr>\n",
       "    <tr>\n",
       "      <th>I_N</th>\n",
       "      <td>0.093894</td>\n",
       "      <td>-0.326405</td>\n",
       "      <td>-0.370454</td>\n",
       "      <td>-0.347641</td>\n",
       "      <td>0.698044</td>\n",
       "      <td>0.837937</td>\n",
       "      <td>0.788320</td>\n",
       "      <td>1.000000</td>\n",
       "      <td>0.795402</td>\n",
       "      <td>0.794289</td>\n",
       "      <td>-0.185922</td>\n",
       "      <td>-0.263690</td>\n",
       "      <td>0.035851</td>\n",
       "    </tr>\n",
       "    <tr>\n",
       "      <th>Pges</th>\n",
       "      <td>0.091931</td>\n",
       "      <td>-0.300196</td>\n",
       "      <td>-0.348111</td>\n",
       "      <td>-0.312844</td>\n",
       "      <td>0.974047</td>\n",
       "      <td>0.987078</td>\n",
       "      <td>0.988254</td>\n",
       "      <td>0.795402</td>\n",
       "      <td>1.000000</td>\n",
       "      <td>0.999671</td>\n",
       "      <td>0.179722</td>\n",
       "      <td>-0.206348</td>\n",
       "      <td>0.073058</td>\n",
       "    </tr>\n",
       "    <tr>\n",
       "      <th>Sges</th>\n",
       "      <td>0.092922</td>\n",
       "      <td>-0.300263</td>\n",
       "      <td>-0.347836</td>\n",
       "      <td>-0.312771</td>\n",
       "      <td>0.974465</td>\n",
       "      <td>0.987179</td>\n",
       "      <td>0.988599</td>\n",
       "      <td>0.794289</td>\n",
       "      <td>0.999671</td>\n",
       "      <td>1.000000</td>\n",
       "      <td>0.172332</td>\n",
       "      <td>-0.206160</td>\n",
       "      <td>0.074873</td>\n",
       "    </tr>\n",
       "    <tr>\n",
       "      <th>CosPhi</th>\n",
       "      <td>-0.082033</td>\n",
       "      <td>0.184387</td>\n",
       "      <td>0.176888</td>\n",
       "      <td>0.181787</td>\n",
       "      <td>0.275750</td>\n",
       "      <td>0.108137</td>\n",
       "      <td>0.150111</td>\n",
       "      <td>-0.185922</td>\n",
       "      <td>0.179722</td>\n",
       "      <td>0.172332</td>\n",
       "      <td>1.000000</td>\n",
       "      <td>0.021888</td>\n",
       "      <td>-0.106563</td>\n",
       "    </tr>\n",
       "    <tr>\n",
       "      <th>Egy_trpt</th>\n",
       "      <td>-0.399772</td>\n",
       "      <td>0.140612</td>\n",
       "      <td>0.109067</td>\n",
       "      <td>0.135821</td>\n",
       "      <td>-0.187956</td>\n",
       "      <td>-0.191715</td>\n",
       "      <td>-0.233476</td>\n",
       "      <td>-0.263690</td>\n",
       "      <td>-0.206348</td>\n",
       "      <td>-0.206160</td>\n",
       "      <td>0.021888</td>\n",
       "      <td>1.000000</td>\n",
       "      <td>0.849122</td>\n",
       "    </tr>\n",
       "    <tr>\n",
       "      <th>Egy_con</th>\n",
       "      <td>-0.323157</td>\n",
       "      <td>-0.155394</td>\n",
       "      <td>-0.168809</td>\n",
       "      <td>-0.152048</td>\n",
       "      <td>0.037284</td>\n",
       "      <td>0.099331</td>\n",
       "      <td>0.071170</td>\n",
       "      <td>0.035851</td>\n",
       "      <td>0.073058</td>\n",
       "      <td>0.074873</td>\n",
       "      <td>-0.106563</td>\n",
       "      <td>0.849122</td>\n",
       "      <td>1.000000</td>\n",
       "    </tr>\n",
       "  </tbody>\n",
       "</table>\n",
       "</div>"
      ],
      "text/plain": [
       "           Serial_no        V1        V2        V3        I1        I2  \\\n",
       "Serial_no   1.000000 -0.039790 -0.005592 -0.026317  0.055864  0.095806   \n",
       "V1         -0.039790  1.000000  0.989230  0.994610 -0.249485 -0.311914   \n",
       "V2         -0.005592  0.989230  1.000000  0.992374 -0.294798 -0.365359   \n",
       "V3         -0.026317  0.994610  0.992374  1.000000 -0.260959 -0.324328   \n",
       "I1          0.055864 -0.249485 -0.294798 -0.260959  1.000000  0.938989   \n",
       "I2          0.095806 -0.311914 -0.365359 -0.324328  0.938989  1.000000   \n",
       "I3          0.117038 -0.331771 -0.372163 -0.344508  0.948304  0.967206   \n",
       "I_N         0.093894 -0.326405 -0.370454 -0.347641  0.698044  0.837937   \n",
       "Pges        0.091931 -0.300196 -0.348111 -0.312844  0.974047  0.987078   \n",
       "Sges        0.092922 -0.300263 -0.347836 -0.312771  0.974465  0.987179   \n",
       "CosPhi     -0.082033  0.184387  0.176888  0.181787  0.275750  0.108137   \n",
       "Egy_trpt   -0.399772  0.140612  0.109067  0.135821 -0.187956 -0.191715   \n",
       "Egy_con    -0.323157 -0.155394 -0.168809 -0.152048  0.037284  0.099331   \n",
       "\n",
       "                 I3       I_N      Pges      Sges    CosPhi  Egy_trpt  \\\n",
       "Serial_no  0.117038  0.093894  0.091931  0.092922 -0.082033 -0.399772   \n",
       "V1        -0.331771 -0.326405 -0.300196 -0.300263  0.184387  0.140612   \n",
       "V2        -0.372163 -0.370454 -0.348111 -0.347836  0.176888  0.109067   \n",
       "V3        -0.344508 -0.347641 -0.312844 -0.312771  0.181787  0.135821   \n",
       "I1         0.948304  0.698044  0.974047  0.974465  0.275750 -0.187956   \n",
       "I2         0.967206  0.837937  0.987078  0.987179  0.108137 -0.191715   \n",
       "I3         1.000000  0.788320  0.988254  0.988599  0.150111 -0.233476   \n",
       "I_N        0.788320  1.000000  0.795402  0.794289 -0.185922 -0.263690   \n",
       "Pges       0.988254  0.795402  1.000000  0.999671  0.179722 -0.206348   \n",
       "Sges       0.988599  0.794289  0.999671  1.000000  0.172332 -0.206160   \n",
       "CosPhi     0.150111 -0.185922  0.179722  0.172332  1.000000  0.021888   \n",
       "Egy_trpt  -0.233476 -0.263690 -0.206348 -0.206160  0.021888  1.000000   \n",
       "Egy_con    0.071170  0.035851  0.073058  0.074873 -0.106563  0.849122   \n",
       "\n",
       "            Egy_con  \n",
       "Serial_no -0.323157  \n",
       "V1        -0.155394  \n",
       "V2        -0.168809  \n",
       "V3        -0.152048  \n",
       "I1         0.037284  \n",
       "I2         0.099331  \n",
       "I3         0.071170  \n",
       "I_N        0.035851  \n",
       "Pges       0.073058  \n",
       "Sges       0.074873  \n",
       "CosPhi    -0.106563  \n",
       "Egy_trpt   0.849122  \n",
       "Egy_con    1.000000  "
      ]
     },
     "execution_count": 17,
     "metadata": {},
     "output_type": "execute_result"
    }
   ],
   "source": [
    "dfs.corr()"
   ]
  },
  {
   "cell_type": "code",
   "execution_count": 18,
   "metadata": {
    "collapsed": false
   },
   "outputs": [
    {
     "data": {
