{
 "cells": [
  {
   "cell_type": "code",
   "execution_count": 2,
   "metadata": {
    "collapsed": true
   },
   "outputs": [],
   "source": [
    "import numpy as np # linear algebra\n",
    "import pandas as pd # data processing, CSV file I/O (e.g. pd.read_csv)\n",
    "import matplotlib as mpl\n",
    "import matplotlib.pyplot as plt\n",
    "import seaborn as sns\n",
    "%matplotlib inline"
   ]
  },
  {
   "cell_type": "code",
   "execution_count": 3,
   "metadata": {
    "collapsed": false
   },
   "outputs": [
    {
     "data": {
      "text/plain": [
       "'0.17.1'"
      ]
     },
     "execution_count": 3,
     "metadata": {},
     "output_type": "execute_result"
    }
   ],
   "source": [
    "pd.__version__ #pandas version"
   ]
  },
  {
   "cell_type": "markdown",
   "metadata": {},
   "source": [
    "# Establish Connection to DB through SSH"
   ]
  },
  {
   "cell_type": "code",
   "execution_count": 4,
   "metadata": {
    "collapsed": false
   },
   "outputs": [],
   "source": [
    "from sshtunnel import SSHTunnelForwarder\n",
    "import MySQLdb as db\n",
    "import pandas as pd\n",
    "import sys\n",
    "import logging\n",
    "#logging.basicConfig(stream=sys.stdout, level=logging.DEBUG) \n",
    "import paramiko\n",
    "#ssh = paramiko.SSHClient()\n",
    "#ssh.set_missing_host_key_policy(paramiko.AutoAddPolicy())\n",
    "#ssh.connect('ssicluster2.tk.informatik.tu-darmstadt.de',port = 12822, username='arun',password='ArunDss@123',allow_agent=False,look_for_keys=False)\n",
    "localhost = '127.0.0.1'\n",
    "user = 'root'\n",
    "password='kUrsVbpyfFWF'\n",
    "database = 'Energy_AD'\n",
    "def query(q):\n",
    "     with SSHTunnelForwarder(\n",
    "          ('ssicluster2.tk.informatik.tu-darmstadt.de', 12822),\n",
    "          allow_agent=False,\n",
    "          ssh_username='arun',\n",
    "          ssh_password = 'ArunDss@123',\n",
    "          #remote_bind_address=('130.83.163.8', 3306)\n",
    "          remote_bind_address=('127.0.0.1', 3306)\n",
    "           \n",
    "     ) as server:\n",
    "          conn = db.connect(host=localhost,\n",
    "          port=server.local_bind_port,\n",
    "          user=user,\n",
    "          passwd=password,\n",
    "          db=database)\n",
    "\n",
    "          return pd.read_sql_query(q, conn)"
   ]
  },
  {
   "cell_type": "markdown",
   "metadata": {},
   "source": [
    "# Run the desired query "
   ]
  },
  {
   "cell_type": "code",
   "execution_count": 5,
   "metadata": {
    "collapsed": false
   },
   "outputs": [
    {
     "name": "stdout",
     "output_type": "stream",
     "text": [
      "Start date and time using str method of datetime object:\n",
      "2016-12-23 16:11:00.011875\n",
      "SELECT * FROM energy_sample_data1 where location like 'Torschlag_Trafo%' ORDER BY Serial_no LIMIT 559141 OFFSET 518400\n",
      "End date and time using str method of datetime object:\n",
      "2016-12-23 16:16:14.814744\n",
      "Execution Completed\n"
     ]
    }
   ],
   "source": [
    "#!/home/arun/anaconda2/bin/python\n",
    "import MySQLdb as db1\n",
    "import pandas as pd\n",
    "import datetime\n",
    "import pandas.io.sql as psql\n",
    "\n",
    "now = datetime.datetime.now()\n",
    "print \"Start date and time using str method of datetime object:\"\n",
    "print str(now)\n",
    "\n",
    "chunk_size = 559141\n",
    "offset = 518400\n",
    "location = 'Torschlag_Trafo' + '%'\n",
    "list_data = []\n",
    "#Uncomment and run the below query to read all the data of particular location\n",
    "#while True:\n",
    "#    q = (\"SELECT * FROM energy_sample_data1 where location like '%s' ORDER BY Serial_no LIMIT %s\" % (location,chunk_size))\n",
    "#    print(q)\n",
    "#    list_data.append(query(q))\n",
    "#    offset += chunk_size\n",
    "#    if len(list_data[-1]) < chunk_size:\n",
    "#        break\n",
    "#print(\"Query executed\")\n",
    "# print(\"Concatenating....\")\n",
    "# dfs = pd.concat(list_data)\n",
    "\n",
    "#To read only specific rows of data\n",
    "q = (\"SELECT * FROM energy_sample_data1 where location like '%s' ORDER BY Serial_no LIMIT %s OFFSET %s\" % (location,chunk_size,offset))\n",
    "print(q)\n",
    "list_data.append(query(q))\n",
    "dfs = pd.concat(list_data)\n",
    "\n",
    "\n",
    "\n",
    "now1 = datetime.datetime.now()\n",
    "print \"End date and time using str method of datetime object:\"\n",
    "print str(now1)\n",
    "\n",
    "print(\"Execution Completed\")\n",
    "\n",
    "\n",
    "\n",
    "\n",
    "\n"
   ]
  },
  {
   "cell_type": "code",
   "execution_count": 6,
   "metadata": {
    "collapsed": false
   },
   "outputs": [
    {
     "data": {
      "text/plain": [
       "(559141, 16)"
      ]
     },
     "execution_count": 6,
     "metadata": {},
     "output_type": "execute_result"
    }
   ],
   "source": [
    "dfs.shape"
   ]
  },
  {
   "cell_type": "code",
   "execution_count": 14,
   "metadata": {
    "collapsed": false
   },
   "outputs": [
    {
     "data": {
      "text/html": [
       "<div>\n",
       "<table border=\"1\" class=\"dataframe\">\n",
       "  <thead>\n",
       "    <tr style=\"text-align: right;\">\n",
       "      <th></th>\n",
       "      <th>Serial_no</th>\n",
       "      <th>Date</th>\n",
       "      <th>Time</th>\n",
       "      <th>V1</th>\n",
       "      <th>V2</th>\n",
       "      <th>V3</th>\n",
       "      <th>I1</th>\n",
       "      <th>I2</th>\n",
       "      <th>I3</th>\n",
       "      <th>I_N</th>\n",
       "      <th>Pges</th>\n",
       "      <th>Sges</th>\n",
       "      <th>CosPhi</th>\n",
       "      <th>Egy_trpt</th>\n",
       "      <th>Egy_con</th>\n",
       "      <th>Location</th>\n",
       "    </tr>\n",
       "  </thead>\n",
       "  <tbody>\n",
       "    <tr>\n",
       "      <th>0</th>\n",
       "      <td>63274031</td>\n",
       "      <td>2016-02-03</td>\n",
       "      <td>00:00:00</td>\n",
       "      <td>234.99</td>\n",
       "      <td>235.40</td>\n",
       "      <td>235.33</td>\n",
       "      <td>6.26</td>\n",
       "      <td>13.95</td>\n",
       "      <td>13.28</td>\n",
       "      <td>10.37</td>\n",
       "      <td>7609.34</td>\n",
       "      <td>7889.32</td>\n",
       "      <td>0.92</td>\n",
       "      <td>24188</td>\n",
       "      <td>31220528.64</td>\n",
       "      <td>Torschlag_Trafo_03022016.csv</td>\n",
       "    </tr>\n",
       "    <tr>\n",
       "      <th>1</th>\n",
       "      <td>63274032</td>\n",
       "      <td>2016-02-03</td>\n",
       "      <td>00:00:01</td>\n",
       "      <td>234.81</td>\n",
       "      <td>235.14</td>\n",
       "      <td>234.95</td>\n",
       "      <td>6.23</td>\n",
       "      <td>13.60</td>\n",
       "      <td>13.28</td>\n",
       "      <td>10.37</td>\n",
       "      <td>7518.65</td>\n",
       "      <td>7774.96</td>\n",
       "      <td>0.92</td>\n",
       "      <td>24188</td>\n",
       "      <td>31220536.32</td>\n",
       "      <td>Torschlag_Trafo_03022016.csv</td>\n",
       "    </tr>\n",
       "    <tr>\n",
       "      <th>2</th>\n",
       "      <td>63274033</td>\n",
       "      <td>2016-02-03</td>\n",
       "      <td>00:00:02</td>\n",
       "      <td>234.81</td>\n",
       "      <td>235.14</td>\n",
       "      <td>234.95</td>\n",
       "      <td>6.23</td>\n",
       "      <td>13.60</td>\n",
       "      <td>13.28</td>\n",
       "      <td>10.37</td>\n",
       "      <td>7518.65</td>\n",
       "      <td>7774.96</td>\n",
       "      <td>0.92</td>\n",
       "      <td>24188</td>\n",
       "      <td>31220536.32</td>\n",
       "      <td>Torschlag_Trafo_03022016.csv</td>\n",
       "    </tr>\n",
       "    <tr>\n",
       "      <th>3</th>\n",
       "      <td>63274034</td>\n",
       "      <td>2016-02-03</td>\n",
       "      <td>00:00:03</td>\n",
       "      <td>234.81</td>\n",
       "      <td>235.14</td>\n",
       "      <td>234.95</td>\n",
       "      <td>6.23</td>\n",
       "      <td>13.60</td>\n",
       "      <td>13.28</td>\n",
       "      <td>10.37</td>\n",
       "      <td>7518.65</td>\n",
       "      <td>7774.96</td>\n",
       "      <td>0.92</td>\n",
       "      <td>24188</td>\n",
       "      <td>31220536.32</td>\n",
       "      <td>Torschlag_Trafo_03022016.csv</td>\n",
       "    </tr>\n",
       "    <tr>\n",
       "      <th>4</th>\n",
       "      <td>63274035</td>\n",
       "      <td>2016-02-03</td>\n",
       "      <td>00:00:04</td>\n",
       "      <td>235.10</td>\n",
       "      <td>235.14</td>\n",
       "      <td>234.95</td>\n",
       "      <td>6.31</td>\n",
       "      <td>13.60</td>\n",
       "      <td>13.28</td>\n",
       "      <td>10.96</td>\n",
       "      <td>7518.65</td>\n",
       "      <td>7774.96</td>\n",
       "      <td>0.92</td>\n",
       "      <td>24188</td>\n",
       "      <td>31220536.32</td>\n",
       "      <td>Torschlag_Trafo_03022016.csv</td>\n",
       "    </tr>\n",
       "  </tbody>\n",
       "</table>\n",
       "</div>"
      ],
      "text/plain": [
       "   Serial_no        Date     Time      V1      V2      V3    I1     I2     I3  \\\n",
       "0   63274031  2016-02-03 00:00:00  234.99  235.40  235.33  6.26  13.95  13.28   \n",
       "1   63274032  2016-02-03 00:00:01  234.81  235.14  234.95  6.23  13.60  13.28   \n",
       "2   63274033  2016-02-03 00:00:02  234.81  235.14  234.95  6.23  13.60  13.28   \n",
       "3   63274034  2016-02-03 00:00:03  234.81  235.14  234.95  6.23  13.60  13.28   \n",
       "4   63274035  2016-02-03 00:00:04  235.10  235.14  234.95  6.31  13.60  13.28   \n",
       "\n",
       "     I_N     Pges     Sges  CosPhi  Egy_trpt      Egy_con  \\\n",
       "0  10.37  7609.34  7889.32    0.92     24188  31220528.64   \n",
       "1  10.37  7518.65  7774.96    0.92     24188  31220536.32   \n",
       "2  10.37  7518.65  7774.96    0.92     24188  31220536.32   \n",
       "3  10.37  7518.65  7774.96    0.92     24188  31220536.32   \n",
       "4  10.96  7518.65  7774.96    0.92     24188  31220536.32   \n",
       "\n",
       "                       Location  \n",
       "0  Torschlag_Trafo_03022016.csv  \n",
       "1  Torschlag_Trafo_03022016.csv  \n",
       "2  Torschlag_Trafo_03022016.csv  \n",
       "3  Torschlag_Trafo_03022016.csv  \n",
       "4  Torschlag_Trafo_03022016.csv  "
      ]
     },
     "execution_count": 14,
     "metadata": {},
     "output_type": "execute_result"
    }
   ],
   "source": [
    "dfs.head()"
   ]
  },
  {
   "cell_type": "code",
   "execution_count": 15,
   "metadata": {
    "collapsed": false
   },
   "outputs": [
    {
     "data": {
      "text/html": [
       "<div>\n",
       "<table border=\"1\" class=\"dataframe\">\n",
       "  <thead>\n",
       "    <tr style=\"text-align: right;\">\n",
       "      <th></th>\n",
       "      <th>Serial_no</th>\n",
       "      <th>Date</th>\n",
       "      <th>Time</th>\n",
       "      <th>V1</th>\n",
       "      <th>V2</th>\n",
       "      <th>V3</th>\n",
       "      <th>I1</th>\n",
       "      <th>I2</th>\n",
       "      <th>I3</th>\n",
       "      <th>I_N</th>\n",
       "      <th>Pges</th>\n",
       "      <th>Sges</th>\n",
       "      <th>CosPhi</th>\n",
       "      <th>Egy_trpt</th>\n",
       "      <th>Egy_con</th>\n",
       "      <th>Location</th>\n",
       "    </tr>\n",
       "  </thead>\n",
       "  <tbody>\n",
       "    <tr>\n",
       "      <th>559136</th>\n",
       "      <td>64081311</td>\n",
       "      <td>2015-12-05</td>\n",
       "      <td>23:59:55</td>\n",
       "      <td>237.27</td>\n",
       "      <td>236.93</td>\n",
       "      <td>236.55</td>\n",
       "      <td>7.59</td>\n",
       "      <td>25.50</td>\n",
       "      <td>22.24</td>\n",
       "      <td>21.44</td>\n",
       "      <td>12762.00</td>\n",
       "      <td>13084.04</td>\n",
       "      <td>0.9</td>\n",
       "      <td>624</td>\n",
       "      <td>2434463.04</td>\n",
       "      <td>Torschlag_Trafo_05122015.csv</td>\n",
       "    </tr>\n",
       "    <tr>\n",
       "      <th>559137</th>\n",
       "      <td>64081312</td>\n",
       "      <td>2015-12-05</td>\n",
       "      <td>23:59:56</td>\n",
       "      <td>237.27</td>\n",
       "      <td>236.93</td>\n",
       "      <td>236.55</td>\n",
       "      <td>7.59</td>\n",
       "      <td>25.50</td>\n",
       "      <td>22.24</td>\n",
       "      <td>21.44</td>\n",
       "      <td>12762.00</td>\n",
       "      <td>13084.04</td>\n",
       "      <td>0.9</td>\n",
       "      <td>624</td>\n",
       "      <td>2434463.04</td>\n",
       "      <td>Torschlag_Trafo_05122015.csv</td>\n",
       "    </tr>\n",
       "    <tr>\n",
       "      <th>559138</th>\n",
       "      <td>64081313</td>\n",
       "      <td>2015-12-05</td>\n",
       "      <td>23:59:57</td>\n",
       "      <td>237.27</td>\n",
       "      <td>236.93</td>\n",
       "      <td>236.55</td>\n",
       "      <td>7.59</td>\n",
       "      <td>25.50</td>\n",
       "      <td>22.24</td>\n",
       "      <td>21.44</td>\n",
       "      <td>12762.00</td>\n",
       "      <td>13084.04</td>\n",
       "      <td>0.9</td>\n",
       "      <td>624</td>\n",
       "      <td>2434463.04</td>\n",
       "      <td>Torschlag_Trafo_05122015.csv</td>\n",
       "    </tr>\n",
       "    <tr>\n",
       "      <th>559139</th>\n",
       "      <td>64081314</td>\n",
       "      <td>2015-12-05</td>\n",
       "      <td>23:59:58</td>\n",
       "      <td>237.14</td>\n",
       "      <td>236.88</td>\n",
       "      <td>236.54</td>\n",
       "      <td>7.60</td>\n",
       "      <td>24.55</td>\n",
       "      <td>22.28</td>\n",
       "      <td>21.08</td>\n",
       "      <td>12545.11</td>\n",
       "      <td>12880.30</td>\n",
       "      <td>0.9</td>\n",
       "      <td>624</td>\n",
       "      <td>2434463.04</td>\n",
       "      <td>Torschlag_Trafo_05122015.csv</td>\n",
       "    </tr>\n",
       "    <tr>\n",
       "      <th>559140</th>\n",
       "      <td>64081315</td>\n",
       "      <td>2015-12-05</td>\n",
       "      <td>23:59:59</td>\n",
       "      <td>237.14</td>\n",
       "      <td>236.88</td>\n",
       "      <td>236.54</td>\n",
       "      <td>7.60</td>\n",
       "      <td>24.55</td>\n",
       "      <td>22.28</td>\n",
       "      <td>21.08</td>\n",
       "      <td>12545.11</td>\n",
       "      <td>12880.30</td>\n",
       "      <td>0.9</td>\n",
       "      <td>624</td>\n",
       "      <td>2434476.00</td>\n",
       "      <td>Torschlag_Trafo_05122015.csv</td>\n",
       "    </tr>\n",
       "  </tbody>\n",
       "</table>\n",
       "</div>"
      ],
      "text/plain": [
       "        Serial_no        Date     Time      V1      V2      V3    I1     I2  \\\n",
       "559136   64081311  2015-12-05 23:59:55  237.27  236.93  236.55  7.59  25.50   \n",
       "559137   64081312  2015-12-05 23:59:56  237.27  236.93  236.55  7.59  25.50   \n",
       "559138   64081313  2015-12-05 23:59:57  237.27  236.93  236.55  7.59  25.50   \n",
       "559139   64081314  2015-12-05 23:59:58  237.14  236.88  236.54  7.60  24.55   \n",
       "559140   64081315  2015-12-05 23:59:59  237.14  236.88  236.54  7.60  24.55   \n",
       "\n",
       "           I3    I_N      Pges      Sges  CosPhi  Egy_trpt     Egy_con  \\\n",
       "559136  22.24  21.44  12762.00  13084.04     0.9       624  2434463.04   \n",
       "559137  22.24  21.44  12762.00  13084.04     0.9       624  2434463.04   \n",
       "559138  22.24  21.44  12762.00  13084.04     0.9       624  2434463.04   \n",
       "559139  22.28  21.08  12545.11  12880.30     0.9       624  2434463.04   \n",
       "559140  22.28  21.08  12545.11  12880.30     0.9       624  2434476.00   \n",
       "\n",
       "                            Location  \n",
       "559136  Torschlag_Trafo_05122015.csv  \n",
       "559137  Torschlag_Trafo_05122015.csv  \n",
       "559138  Torschlag_Trafo_05122015.csv  \n",
       "559139  Torschlag_Trafo_05122015.csv  \n",
       "559140  Torschlag_Trafo_05122015.csv  "
      ]
     },
     "execution_count": 15,
     "metadata": {},
     "output_type": "execute_result"
    }
   ],
   "source": [
    "dfs.tail()"
   ]
  },
  {
   "cell_type": "markdown",
   "metadata": {},
   "source": [
    "# Run the below code when data is read from SQL"
   ]
  },
  {
   "cell_type": "code",
   "execution_count": 16,
   "metadata": {
    "collapsed": false
   },
   "outputs": [],
   "source": [
    "cols = 'DESC energy_sample_data1 '\n",
    "columns_list = query(cols)"
   ]
  },
  {
   "cell_type": "code",
   "execution_count": 17,
   "metadata": {
    "collapsed": false
   },
   "outputs": [
    {
     "name": "stdout",
     "output_type": "stream",
     "text": [
      "Columns names:\n",
      "0     Serial_no\n",
      "1          Date\n",
      "2          Time\n",
      "3            V1\n",
      "4            V2\n",
      "5            V3\n",
      "6            I1\n",
      "7            I2\n",
      "8            I3\n",
      "9           I_N\n",
      "10         Pges\n",
      "11         Sges\n",
      "12       CosPhi\n",
      "13     Egy_trpt\n",
      "14      Egy_con\n",
      "15     Location\n",
      "Name: Field, dtype: object\n"
     ]
    }
   ],
   "source": [
    "cols_sql = pd.DataFrame(columns_list)\n",
    "print(\"Columns names:\")\n",
    "print(cols_sql.iloc[:,0])"
   ]
  },
  {
   "cell_type": "code",
   "execution_count": 18,
   "metadata": {
    "collapsed": false
   },
   "outputs": [
    {
     "name": "stdout",
     "output_type": "stream",
     "text": [
      "Columns names:\n",
      "['Serial_no', 'Date', 'Time', 'V1', 'V2', 'V3', 'I1', 'I2', 'I3', 'I_N', 'Pges', 'Sges', 'CosPhi', 'Egy_trpt', 'Egy_con', 'Location']\n"
     ]
    }
   ],
   "source": [
    "#df_cols = cols_sql.iloc[:,0] # use this to read columns from sql\n",
    "#columns_names= df_cols.tolist()\n",
    "\n",
    "print(\"Columns names:\")\n",
    "print(dfs.columns.tolist())"
   ]
  },
  {
   "cell_type": "code",
   "execution_count": 19,
   "metadata": {
    "collapsed": false
   },
   "outputs": [
    {
     "data": {
      "text/plain": [
       "411"
      ]
     },
     "execution_count": 19,
     "metadata": {},
     "output_type": "execute_result"
    }
   ],
   "source": [
    "import gc\n",
    "gc.collect()\n",
    "#dfs.iloc[0:2500000][1:].corr()\n",
    "#dfs.ix[0:2500000,'Serial_no':].corr()"
   ]
  },
  {
   "cell_type": "code",
   "execution_count": 20,
   "metadata": {
    "collapsed": false
   },
   "outputs": [
    {
     "data": {
      "text/html": [
       "<div>\n",
       "<table border=\"1\" class=\"dataframe\">\n",
       "  <thead>\n",
       "    <tr style=\"text-align: right;\">\n",
       "      <th></th>\n",
       "      <th>Serial_no</th>\n",
       "      <th>V1</th>\n",
       "      <th>V2</th>\n",
       "      <th>V3</th>\n",
       "      <th>I1</th>\n",
       "      <th>I2</th>\n",
       "      <th>I3</th>\n",
       "      <th>I_N</th>\n",
       "      <th>Pges</th>\n",
       "      <th>Sges</th>\n",
       "      <th>CosPhi</th>\n",
       "      <th>Egy_trpt</th>\n",
       "      <th>Egy_con</th>\n",
       "    </tr>\n",
       "  </thead>\n",
       "  <tbody>\n",
       "    <tr>\n",
       "      <th>Serial_no</th>\n",
       "      <td>1.000000</td>\n",
       "      <td>0.339278</td>\n",
       "      <td>0.305497</td>\n",
       "      <td>0.306613</td>\n",
       "      <td>-0.091274</td>\n",
       "      <td>-0.170556</td>\n",
       "      <td>-0.149646</td>\n",
       "      <td>-0.207518</td>\n",
       "      <td>-0.144885</td>\n",
       "      <td>-0.142333</td>\n",
       "      <td>-0.026455</td>\n",
       "      <td>-0.337630</td>\n",
       "      <td>-0.446024</td>\n",
       "    </tr>\n",
       "    <tr>\n",
       "      <th>V1</th>\n",
       "      <td>0.339278</td>\n",
       "      <td>1.000000</td>\n",
       "      <td>0.980916</td>\n",
       "      <td>0.990526</td>\n",
       "      <td>-0.341511</td>\n",
       "      <td>-0.367084</td>\n",
       "      <td>-0.335955</td>\n",
       "      <td>-0.259665</td>\n",
       "      <td>-0.348127</td>\n",
       "      <td>-0.346753</td>\n",
       "      <td>-0.150255</td>\n",
       "      <td>-0.459382</td>\n",
       "      <td>-0.442746</td>\n",
       "    </tr>\n",
       "    <tr>\n",
       "      <th>V2</th>\n",
       "      <td>0.305497</td>\n",
       "      <td>0.980916</td>\n",
       "      <td>1.000000</td>\n",
       "      <td>0.989083</td>\n",
       "      <td>-0.439893</td>\n",
       "      <td>-0.482536</td>\n",
       "      <td>-0.442249</td>\n",
       "      <td>-0.365602</td>\n",
       "      <td>-0.457162</td>\n",
       "      <td>-0.456042</td>\n",
       "      <td>-0.178520</td>\n",
       "      <td>-0.456906</td>\n",
       "      <td>-0.403113</td>\n",
       "    </tr>\n",
       "    <tr>\n",
       "      <th>V3</th>\n",
       "      <td>0.306613</td>\n",
       "      <td>0.990526</td>\n",
       "      <td>0.989083</td>\n",
       "      <td>1.000000</td>\n",
       "      <td>-0.386336</td>\n",
       "      <td>-0.413772</td>\n",
       "      <td>-0.385552</td>\n",
       "      <td>-0.311086</td>\n",
       "      <td>-0.395737</td>\n",
       "      <td>-0.394600</td>\n",
       "      <td>-0.168810</td>\n",
       "      <td>-0.455888</td>\n",
       "      <td>-0.415391</td>\n",
       "    </tr>\n",
       "    <tr>\n",
       "      <th>I1</th>\n",
       "      <td>-0.091274</td>\n",
       "      <td>-0.341511</td>\n",
       "      <td>-0.439893</td>\n",
       "      <td>-0.386336</td>\n",
       "      <td>1.000000</td>\n",
       "      <td>0.946106</td>\n",
       "      <td>0.961508</td>\n",
       "      <td>0.643003</td>\n",
       "      <td>0.978422</td>\n",
       "      <td>0.979088</td>\n",
       "      <td>0.457402</td>\n",
       "      <td>0.136815</td>\n",
       "      <td>0.076398</td>\n",
       "    </tr>\n",
       "    <tr>\n",
       "      <th>I2</th>\n",
       "      <td>-0.170556</td>\n",
       "      <td>-0.367084</td>\n",
       "      <td>-0.482536</td>\n",
       "      <td>-0.413772</td>\n",
       "      <td>0.946106</td>\n",
       "      <td>1.000000</td>\n",
       "      <td>0.971220</td>\n",
       "      <td>0.820731</td>\n",
       "      <td>0.987537</td>\n",
       "      <td>0.987890</td>\n",
       "      <td>0.334459</td>\n",
       "      <td>0.148367</td>\n",
       "      <td>0.118632</td>\n",
       "    </tr>\n",
       "    <tr>\n",
       "      <th>I3</th>\n",
       "      <td>-0.149646</td>\n",
       "      <td>-0.335955</td>\n",
       "      <td>-0.442249</td>\n",
       "      <td>-0.385552</td>\n",
       "      <td>0.961508</td>\n",
       "      <td>0.971220</td>\n",
       "      <td>1.000000</td>\n",
       "      <td>0.745147</td>\n",
       "      <td>0.991183</td>\n",
       "      <td>0.991403</td>\n",
       "      <td>0.363241</td>\n",
       "      <td>0.120883</td>\n",
       "      <td>0.083889</td>\n",
       "    </tr>\n",
       "    <tr>\n",
       "      <th>I_N</th>\n",
       "      <td>-0.207518</td>\n",
       "      <td>-0.259665</td>\n",
       "      <td>-0.365602</td>\n",
       "      <td>-0.311086</td>\n",
       "      <td>0.643003</td>\n",
       "      <td>0.820731</td>\n",
       "      <td>0.745147</td>\n",
       "      <td>1.000000</td>\n",
       "      <td>0.754100</td>\n",
       "      <td>0.755206</td>\n",
       "      <td>0.027024</td>\n",
       "      <td>0.020117</td>\n",
       "      <td>0.054806</td>\n",
       "    </tr>\n",
       "    <tr>\n",
       "      <th>Pges</th>\n",
       "      <td>-0.144885</td>\n",
       "      <td>-0.348127</td>\n",
       "      <td>-0.457162</td>\n",
       "      <td>-0.395737</td>\n",
       "      <td>0.978422</td>\n",
       "      <td>0.987537</td>\n",
       "      <td>0.991183</td>\n",
       "      <td>0.754100</td>\n",
       "      <td>1.000000</td>\n",
       "      <td>0.999535</td>\n",
       "      <td>0.399048</td>\n",
       "      <td>0.139698</td>\n",
       "      <td>0.097598</td>\n",
       "    </tr>\n",
       "    <tr>\n",
       "      <th>Sges</th>\n",
       "      <td>-0.142333</td>\n",
       "      <td>-0.346753</td>\n",
       "      <td>-0.456042</td>\n",
       "      <td>-0.394600</td>\n",
       "      <td>0.979088</td>\n",
       "      <td>0.987890</td>\n",
       "      <td>0.991403</td>\n",
       "      <td>0.755206</td>\n",
       "      <td>0.999535</td>\n",
       "      <td>1.000000</td>\n",
       "      <td>0.383863</td>\n",
       "      <td>0.134359</td>\n",
       "      <td>0.093723</td>\n",
       "    </tr>\n",
       "    <tr>\n",
       "      <th>CosPhi</th>\n",
       "      <td>-0.026455</td>\n",
       "      <td>-0.150255</td>\n",
       "      <td>-0.178520</td>\n",
       "      <td>-0.168810</td>\n",
       "      <td>0.457402</td>\n",
       "      <td>0.334459</td>\n",
       "      <td>0.363241</td>\n",
       "      <td>0.027024</td>\n",
       "      <td>0.399048</td>\n",
       "      <td>0.383863</td>\n",
       "      <td>1.000000</td>\n",
       "      <td>0.250686</td>\n",
       "      <td>0.112247</td>\n",
       "    </tr>\n",
       "    <tr>\n",
       "      <th>Egy_trpt</th>\n",
       "      <td>-0.337630</td>\n",
       "      <td>-0.459382</td>\n",
       "      <td>-0.456906</td>\n",
       "      <td>-0.455888</td>\n",
       "      <td>0.136815</td>\n",
       "      <td>0.148367</td>\n",
       "      <td>0.120883</td>\n",
       "      <td>0.020117</td>\n",
       "      <td>0.139698</td>\n",
       "      <td>0.134359</td>\n",
       "      <td>0.250686</td>\n",
       "      <td>1.000000</td>\n",
       "      <td>0.922206</td>\n",
       "    </tr>\n",
       "    <tr>\n",
       "      <th>Egy_con</th>\n",
       "      <td>-0.446024</td>\n",
       "      <td>-0.442746</td>\n",
       "      <td>-0.403113</td>\n",
       "      <td>-0.415391</td>\n",
       "      <td>0.076398</td>\n",
       "      <td>0.118632</td>\n",
       "      <td>0.083889</td>\n",
       "      <td>0.054806</td>\n",
       "      <td>0.097598</td>\n",
       "      <td>0.093723</td>\n",
       "      <td>0.112247</td>\n",
       "      <td>0.922206</td>\n",
       "      <td>1.000000</td>\n",
       "    </tr>\n",
       "  </tbody>\n",
       "</table>\n",
       "</div>"
      ],
      "text/plain": [
       "           Serial_no        V1        V2        V3        I1        I2  \\\n",
       "Serial_no   1.000000  0.339278  0.305497  0.306613 -0.091274 -0.170556   \n",
       "V1          0.339278  1.000000  0.980916  0.990526 -0.341511 -0.367084   \n",
       "V2          0.305497  0.980916  1.000000  0.989083 -0.439893 -0.482536   \n",
       "V3          0.306613  0.990526  0.989083  1.000000 -0.386336 -0.413772   \n",
       "I1         -0.091274 -0.341511 -0.439893 -0.386336  1.000000  0.946106   \n",
       "I2         -0.170556 -0.367084 -0.482536 -0.413772  0.946106  1.000000   \n",
       "I3         -0.149646 -0.335955 -0.442249 -0.385552  0.961508  0.971220   \n",
       "I_N        -0.207518 -0.259665 -0.365602 -0.311086  0.643003  0.820731   \n",
       "Pges       -0.144885 -0.348127 -0.457162 -0.395737  0.978422  0.987537   \n",
       "Sges       -0.142333 -0.346753 -0.456042 -0.394600  0.979088  0.987890   \n",
       "CosPhi     -0.026455 -0.150255 -0.178520 -0.168810  0.457402  0.334459   \n",
       "Egy_trpt   -0.337630 -0.459382 -0.456906 -0.455888  0.136815  0.148367   \n",
       "Egy_con    -0.446024 -0.442746 -0.403113 -0.415391  0.076398  0.118632   \n",
       "\n",
       "                 I3       I_N      Pges      Sges    CosPhi  Egy_trpt  \\\n",
       "Serial_no -0.149646 -0.207518 -0.144885 -0.142333 -0.026455 -0.337630   \n",
       "V1        -0.335955 -0.259665 -0.348127 -0.346753 -0.150255 -0.459382   \n",
       "V2        -0.442249 -0.365602 -0.457162 -0.456042 -0.178520 -0.456906   \n",
       "V3        -0.385552 -0.311086 -0.395737 -0.394600 -0.168810 -0.455888   \n",
       "I1         0.961508  0.643003  0.978422  0.979088  0.457402  0.136815   \n",
       "I2         0.971220  0.820731  0.987537  0.987890  0.334459  0.148367   \n",
       "I3         1.000000  0.745147  0.991183  0.991403  0.363241  0.120883   \n",
       "I_N        0.745147  1.000000  0.754100  0.755206  0.027024  0.020117   \n",
       "Pges       0.991183  0.754100  1.000000  0.999535  0.399048  0.139698   \n",
       "Sges       0.991403  0.755206  0.999535  1.000000  0.383863  0.134359   \n",
       "CosPhi     0.363241  0.027024  0.399048  0.383863  1.000000  0.250686   \n",
       "Egy_trpt   0.120883  0.020117  0.139698  0.134359  0.250686  1.000000   \n",
       "Egy_con    0.083889  0.054806  0.097598  0.093723  0.112247  0.922206   \n",
       "\n",
       "            Egy_con  \n",
       "Serial_no -0.446024  \n",
       "V1        -0.442746  \n",
       "V2        -0.403113  \n",
       "V3        -0.415391  \n",
       "I1         0.076398  \n",
       "I2         0.118632  \n",
       "I3         0.083889  \n",
       "I_N        0.054806  \n",
       "Pges       0.097598  \n",
       "Sges       0.093723  \n",
       "CosPhi     0.112247  \n",
       "Egy_trpt   0.922206  \n",
       "Egy_con    1.000000  "
      ]
     },
     "execution_count": 20,
     "metadata": {},
     "output_type": "execute_result"
    }
   ],
   "source": [
    "dfs.corr()"
   ]
  },
  {
   "cell_type": "code",
   "execution_count": 22,
   "metadata": {
    "collapsed": false
   },
   "outputs": [
    {
     "data": {
