{
 "cells": [
  {
   "cell_type": "code",
   "execution_count": 1,
   "metadata": {
    "collapsed": true
   },
   "outputs": [],
   "source": [
    "import numpy as np # linear algebra\n",
    "import pandas as pd # data processing, CSV file I/O (e.g. pd.read_csv)\n",
    "import matplotlib as mpl\n",
    "import matplotlib.pyplot as plt\n",
    "import seaborn as sns\n",
    "%matplotlib inline"
   ]
  },
  {
   "cell_type": "code",
   "execution_count": 2,
   "metadata": {
    "collapsed": false
   },
   "outputs": [
    {
     "data": {
      "text/plain": [
       "'0.17.1'"
      ]
     },
     "execution_count": 2,
     "metadata": {},
     "output_type": "execute_result"
    }
   ],
   "source": [
    "pd.__version__ #pandas version"
   ]
  },
  {
   "cell_type": "markdown",
   "metadata": {},
   "source": [
    "# Establish Connection to DB through SSH"
   ]
  },
  {
   "cell_type": "code",
   "execution_count": 3,
   "metadata": {
    "collapsed": false
   },
   "outputs": [],
   "source": [
    "from sshtunnel import SSHTunnelForwarder\n",
    "import MySQLdb as db\n",
    "import pandas as pd\n",
    "import sys\n",
    "import logging\n",
    "#logging.basicConfig(stream=sys.stdout, level=logging.DEBUG) \n",
    "import paramiko\n",
    "#ssh = paramiko.SSHClient()\n",
    "#ssh.set_missing_host_key_policy(paramiko.AutoAddPolicy())\n",
    "#ssh.connect('ssicluster2.tk.informatik.tu-darmstadt.de',port = 12822, username='arun',password='ArunDss@123',allow_agent=False,look_for_keys=False)\n",
    "localhost = '127.0.0.1'\n",
    "user = 'root'\n",
    "password='kUrsVbpyfFWF'\n",
    "database = 'Energy_AD'\n",
    "def query(q):\n",
    "     with SSHTunnelForwarder(\n",
    "          ('ssicluster2.tk.informatik.tu-darmstadt.de', 12822),\n",
    "          allow_agent=False,\n",
    "          ssh_username='arun',\n",
    "          ssh_password = 'ArunDss@123',\n",
    "          #remote_bind_address=('130.83.163.8', 3306)\n",
    "          remote_bind_address=('127.0.0.1', 3306)\n",
    "           \n",
    "     ) as server:\n",
    "          conn = db.connect(host=localhost,\n",
    "          port=server.local_bind_port,\n",
    "          user=user,\n",
    "          passwd=password,\n",
    "          db=database)\n",
    "\n",
    "          return pd.read_sql_query(q, conn)"
   ]
  },
  {
   "cell_type": "markdown",
   "metadata": {},
   "source": [
    "# Run the desired query "
   ]
  },
  {
   "cell_type": "code",
   "execution_count": 8,
   "metadata": {
    "collapsed": false
   },
   "outputs": [
    {
     "name": "stdout",
     "output_type": "stream",
     "text": [
      "Start date and time using str method of datetime object:\n",
      "2016-12-23 12:40:32.235996\n",
      "SELECT * FROM energy_sample_data1 where location like 'Torschlag_Trafo%' ORDER BY Serial_no LIMIT 553447 OFFSET 1077542\n",
      "End date and time using str method of datetime object:\n",
      "2016-12-23 12:44:48.150335\n",
      "Execution Completed\n"
     ]
    }
   ],
   "source": [
    "#!/home/arun/anaconda2/bin/python\n",
    "import MySQLdb as db1\n",
    "import pandas as pd\n",
    "import datetime\n",
    "import pandas.io.sql as psql\n",
    "\n",
    "now = datetime.datetime.now()\n",
    "print \"Start date and time using str method of datetime object:\"\n",
    "print str(now)\n",
    "\n",
    "chunk_size = 553447\n",
    "offset = 1077542\n",
    "location = 'Torschlag_Trafo' + '%'\n",
    "list_data = []\n",
    "#Uncomment and run the below query to read all the data of particular location\n",
    "#while True:\n",
    "#    q = (\"SELECT * FROM energy_sample_data1 where location like '%s' ORDER BY Serial_no LIMIT %s\" % (location,chunk_size))\n",
    "#    print(q)\n",
    "#    list_data.append(query(q))\n",
    "#    offset += chunk_size\n",
    "#    if len(list_data[-1]) < chunk_size:\n",
    "#        break\n",
    "#print(\"Query executed\")\n",
    "# print(\"Concatenating....\")\n",
    "# dfs = pd.concat(list_data)\n",
    "\n",
    "#To read only specific rows of data\n",
    "q = (\"SELECT * FROM energy_sample_data1 where location like '%s' ORDER BY Serial_no LIMIT %s OFFSET %s\" % (location,chunk_size,offset))\n",
    "print(q)\n",
    "list_data.append(query(q))\n",
    "dfs = pd.concat(list_data)\n",
    "\n",
    "\n",
    "\n",
    "now1 = datetime.datetime.now()\n",
    "print \"End date and time using str method of datetime object:\"\n",
    "print str(now1)\n",
    "\n",
    "print(\"Execution Completed\")\n",
    "\n",
    "\n",
    "\n",
    "\n",
    "\n"
   ]
  },
  {
   "cell_type": "code",
   "execution_count": 9,
   "metadata": {
    "collapsed": false
   },
   "outputs": [
    {
     "data": {
      "text/plain": [
       "(553447, 16)"
      ]
     },
     "execution_count": 9,
     "metadata": {},
     "output_type": "execute_result"
    }
   ],
   "source": [
    "dfs.shape"
   ]
  },
  {
   "cell_type": "code",
   "execution_count": 10,
   "metadata": {
    "collapsed": false
   },
   "outputs": [
    {
     "data": {
      "text/html": [
       "<div>\n",
       "<table border=\"1\" class=\"dataframe\">\n",
       "  <thead>\n",
       "    <tr style=\"text-align: right;\">\n",
       "      <th></th>\n",
       "      <th>Serial_no</th>\n",
       "      <th>Date</th>\n",
       "      <th>Time</th>\n",
       "      <th>V1</th>\n",
       "      <th>V2</th>\n",
       "      <th>V3</th>\n",
       "      <th>I1</th>\n",
       "      <th>I2</th>\n",
       "      <th>I3</th>\n",
       "      <th>I_N</th>\n",
       "      <th>Pges</th>\n",
       "      <th>Sges</th>\n",
       "      <th>CosPhi</th>\n",
       "      <th>Egy_trpt</th>\n",
       "      <th>Egy_con</th>\n",
       "      <th>Location</th>\n",
       "    </tr>\n",
       "  </thead>\n",
       "  <tbody>\n",
       "    <tr>\n",
       "      <th>0</th>\n",
       "      <td>64125987</td>\n",
       "      <td>2016-01-06</td>\n",
       "      <td>00:00:01</td>\n",
       "      <td>233.91</td>\n",
       "      <td>233.42</td>\n",
       "      <td>233.28</td>\n",
       "      <td>12.12</td>\n",
       "      <td>26.18</td>\n",
       "      <td>25.27</td>\n",
       "      <td>8.60</td>\n",
       "      <td>14503.64</td>\n",
       "      <td>14837.51</td>\n",
       "      <td>0.93</td>\n",
       "      <td>20356</td>\n",
       "      <td>16169098.24</td>\n",
       "      <td>Torschlag_Trafo_06012016.csv</td>\n",
       "    </tr>\n",
       "    <tr>\n",
       "      <th>1</th>\n",
       "      <td>64125988</td>\n",
       "      <td>2016-01-06</td>\n",
       "      <td>00:00:02</td>\n",
       "      <td>233.91</td>\n",
       "      <td>233.42</td>\n",
       "      <td>233.28</td>\n",
       "      <td>12.12</td>\n",
       "      <td>26.18</td>\n",
       "      <td>25.27</td>\n",
       "      <td>8.60</td>\n",
       "      <td>14503.64</td>\n",
       "      <td>14837.51</td>\n",
       "      <td>0.93</td>\n",
       "      <td>20356</td>\n",
       "      <td>16169098.24</td>\n",
       "      <td>Torschlag_Trafo_06012016.csv</td>\n",
       "    </tr>\n",
       "    <tr>\n",
       "      <th>2</th>\n",
       "      <td>64125989</td>\n",
       "      <td>2016-01-06</td>\n",
       "      <td>00:00:03</td>\n",
       "      <td>233.91</td>\n",
       "      <td>233.42</td>\n",
       "      <td>233.28</td>\n",
       "      <td>12.12</td>\n",
       "      <td>26.18</td>\n",
       "      <td>25.27</td>\n",
       "      <td>8.60</td>\n",
       "      <td>14503.64</td>\n",
       "      <td>14837.51</td>\n",
       "      <td>0.93</td>\n",
       "      <td>20356</td>\n",
       "      <td>16169098.24</td>\n",
       "      <td>Torschlag_Trafo_06012016.csv</td>\n",
       "    </tr>\n",
       "    <tr>\n",
       "      <th>3</th>\n",
       "      <td>64125990</td>\n",
       "      <td>2016-01-06</td>\n",
       "      <td>00:00:04</td>\n",
       "      <td>233.91</td>\n",
       "      <td>233.42</td>\n",
       "      <td>233.28</td>\n",
       "      <td>12.12</td>\n",
       "      <td>26.18</td>\n",
       "      <td>25.27</td>\n",
       "      <td>8.60</td>\n",
       "      <td>14503.64</td>\n",
       "      <td>14837.51</td>\n",
       "      <td>0.93</td>\n",
       "      <td>20356</td>\n",
       "      <td>16169098.24</td>\n",
       "      <td>Torschlag_Trafo_06012016.csv</td>\n",
       "    </tr>\n",
       "    <tr>\n",
       "      <th>4</th>\n",
       "      <td>64125991</td>\n",
       "      <td>2016-01-06</td>\n",
       "      <td>00:00:05</td>\n",
       "      <td>233.97</td>\n",
       "      <td>233.46</td>\n",
       "      <td>233.45</td>\n",
       "      <td>12.08</td>\n",
       "      <td>27.02</td>\n",
       "      <td>25.28</td>\n",
       "      <td>9.24</td>\n",
       "      <td>14745.50</td>\n",
       "      <td>15009.70</td>\n",
       "      <td>0.94</td>\n",
       "      <td>20356</td>\n",
       "      <td>16169098.24</td>\n",
       "      <td>Torschlag_Trafo_06012016.csv</td>\n",
       "    </tr>\n",
       "  </tbody>\n",
       "</table>\n",
       "</div>"
      ],
      "text/plain": [
       "   Serial_no        Date     Time      V1      V2      V3     I1     I2  \\\n",
       "0   64125987  2016-01-06 00:00:01  233.91  233.42  233.28  12.12  26.18   \n",
       "1   64125988  2016-01-06 00:00:02  233.91  233.42  233.28  12.12  26.18   \n",
       "2   64125989  2016-01-06 00:00:03  233.91  233.42  233.28  12.12  26.18   \n",
       "3   64125990  2016-01-06 00:00:04  233.91  233.42  233.28  12.12  26.18   \n",
       "4   64125991  2016-01-06 00:00:05  233.97  233.46  233.45  12.08  27.02   \n",
       "\n",
       "      I3   I_N      Pges      Sges  CosPhi  Egy_trpt      Egy_con  \\\n",
       "0  25.27  8.60  14503.64  14837.51    0.93     20356  16169098.24   \n",
       "1  25.27  8.60  14503.64  14837.51    0.93     20356  16169098.24   \n",
       "2  25.27  8.60  14503.64  14837.51    0.93     20356  16169098.24   \n",
       "3  25.27  8.60  14503.64  14837.51    0.93     20356  16169098.24   \n",
       "4  25.28  9.24  14745.50  15009.70    0.94     20356  16169098.24   \n",
       "\n",
       "                       Location  \n",
       "0  Torschlag_Trafo_06012016.csv  \n",
       "1  Torschlag_Trafo_06012016.csv  \n",
       "2  Torschlag_Trafo_06012016.csv  \n",
       "3  Torschlag_Trafo_06012016.csv  \n",
       "4  Torschlag_Trafo_06012016.csv  "
      ]
     },
     "execution_count": 10,
     "metadata": {},
     "output_type": "execute_result"
    }
   ],
   "source": [
    "dfs.head()"
   ]
  },
  {
   "cell_type": "code",
   "execution_count": 11,
   "metadata": {
    "collapsed": false,
    "scrolled": true
   },
   "outputs": [
    {
     "data": {
      "text/html": [
       "<div>\n",
       "<table border=\"1\" class=\"dataframe\">\n",
       "  <thead>\n",
       "    <tr style=\"text-align: right;\">\n",
       "      <th></th>\n",
       "      <th>Serial_no</th>\n",
       "      <th>Date</th>\n",
       "      <th>Time</th>\n",
       "      <th>V1</th>\n",
       "      <th>V2</th>\n",
       "      <th>V3</th>\n",
       "      <th>I1</th>\n",
       "      <th>I2</th>\n",
       "      <th>I3</th>\n",
       "      <th>I_N</th>\n",
       "      <th>Pges</th>\n",
       "      <th>Sges</th>\n",
       "      <th>CosPhi</th>\n",
       "      <th>Egy_trpt</th>\n",
       "      <th>Egy_con</th>\n",
       "      <th>Location</th>\n",
       "    </tr>\n",
       "  </thead>\n",
       "  <tbody>\n",
       "    <tr>\n",
       "      <th>553442</th>\n",
       "      <td>64933266</td>\n",
       "      <td>2016-01-09</td>\n",
       "      <td>23:59:55</td>\n",
       "      <td>233.83</td>\n",
       "      <td>233.42</td>\n",
       "      <td>233.06</td>\n",
       "      <td>5.70</td>\n",
       "      <td>15.43</td>\n",
       "      <td>13.01</td>\n",
       "      <td>12.59</td>\n",
       "      <td>7622.48</td>\n",
       "      <td>7965.55</td>\n",
       "      <td>0.9</td>\n",
       "      <td>20393</td>\n",
       "      <td>18357984.00</td>\n",
       "      <td>Torschlag_Trafo_09012016.csv</td>\n",
       "    </tr>\n",
       "    <tr>\n",
       "      <th>553443</th>\n",
       "      <td>64933267</td>\n",
       "      <td>2016-01-09</td>\n",
       "      <td>23:59:56</td>\n",
       "      <td>234.08</td>\n",
       "      <td>233.42</td>\n",
       "      <td>233.06</td>\n",
       "      <td>5.73</td>\n",
       "      <td>15.43</td>\n",
       "      <td>13.01</td>\n",
       "      <td>12.80</td>\n",
       "      <td>7622.48</td>\n",
       "      <td>7965.55</td>\n",
       "      <td>0.9</td>\n",
       "      <td>20393</td>\n",
       "      <td>18357984.00</td>\n",
       "      <td>Torschlag_Trafo_09012016.csv</td>\n",
       "    </tr>\n",
       "    <tr>\n",
       "      <th>553444</th>\n",
       "      <td>64933268</td>\n",
       "      <td>2016-01-09</td>\n",
       "      <td>23:59:57</td>\n",
       "      <td>234.08</td>\n",
       "      <td>233.63</td>\n",
       "      <td>233.35</td>\n",
       "      <td>5.73</td>\n",
       "      <td>15.77</td>\n",
       "      <td>13.14</td>\n",
       "      <td>12.80</td>\n",
       "      <td>7759.19</td>\n",
       "      <td>8086.49</td>\n",
       "      <td>0.9</td>\n",
       "      <td>20393</td>\n",
       "      <td>18357991.68</td>\n",
       "      <td>Torschlag_Trafo_09012016.csv</td>\n",
       "    </tr>\n",
       "    <tr>\n",
       "      <th>553445</th>\n",
       "      <td>64933269</td>\n",
       "      <td>2016-01-09</td>\n",
       "      <td>23:59:58</td>\n",
       "      <td>234.08</td>\n",
       "      <td>233.63</td>\n",
       "      <td>233.35</td>\n",
       "      <td>5.73</td>\n",
       "      <td>15.77</td>\n",
       "      <td>13.14</td>\n",
       "      <td>12.80</td>\n",
       "      <td>7759.19</td>\n",
       "      <td>8086.49</td>\n",
       "      <td>0.9</td>\n",
       "      <td>20393</td>\n",
       "      <td>18357991.68</td>\n",
       "      <td>Torschlag_Trafo_09012016.csv</td>\n",
       "    </tr>\n",
       "    <tr>\n",
       "      <th>553446</th>\n",
       "      <td>64933270</td>\n",
       "      <td>2016-01-09</td>\n",
       "      <td>23:59:59</td>\n",
       "      <td>234.08</td>\n",
       "      <td>233.63</td>\n",
       "      <td>233.35</td>\n",
       "      <td>5.73</td>\n",
       "      <td>15.77</td>\n",
       "      <td>13.14</td>\n",
       "      <td>12.80</td>\n",
       "      <td>7759.19</td>\n",
       "      <td>8086.49</td>\n",
       "      <td>0.9</td>\n",
       "      <td>20393</td>\n",
       "      <td>18357991.68</td>\n",
       "      <td>Torschlag_Trafo_09012016.csv</td>\n",
       "    </tr>\n",
       "  </tbody>\n",
       "</table>\n",
       "</div>"
      ],
      "text/plain": [
       "        Serial_no        Date     Time      V1      V2      V3    I1     I2  \\\n",
       "553442   64933266  2016-01-09 23:59:55  233.83  233.42  233.06  5.70  15.43   \n",
       "553443   64933267  2016-01-09 23:59:56  234.08  233.42  233.06  5.73  15.43   \n",
       "553444   64933268  2016-01-09 23:59:57  234.08  233.63  233.35  5.73  15.77   \n",
       "553445   64933269  2016-01-09 23:59:58  234.08  233.63  233.35  5.73  15.77   \n",
       "553446   64933270  2016-01-09 23:59:59  234.08  233.63  233.35  5.73  15.77   \n",
       "\n",
       "           I3    I_N     Pges     Sges  CosPhi  Egy_trpt      Egy_con  \\\n",
       "553442  13.01  12.59  7622.48  7965.55     0.9     20393  18357984.00   \n",
       "553443  13.01  12.80  7622.48  7965.55     0.9     20393  18357984.00   \n",
       "553444  13.14  12.80  7759.19  8086.49     0.9     20393  18357991.68   \n",
       "553445  13.14  12.80  7759.19  8086.49     0.9     20393  18357991.68   \n",
       "553446  13.14  12.80  7759.19  8086.49     0.9     20393  18357991.68   \n",
       "\n",
       "                            Location  \n",
       "553442  Torschlag_Trafo_09012016.csv  \n",
       "553443  Torschlag_Trafo_09012016.csv  \n",
       "553444  Torschlag_Trafo_09012016.csv  \n",
       "553445  Torschlag_Trafo_09012016.csv  \n",
       "553446  Torschlag_Trafo_09012016.csv  "
      ]
     },
     "execution_count": 11,
     "metadata": {},
     "output_type": "execute_result"
    }
   ],
   "source": [
    "dfs.tail()"
   ]
  },
  {
   "cell_type": "markdown",
   "metadata": {},
   "source": [
    "# Read the saved CSV\n"
   ]
  },
  {
   "cell_type": "code",
   "execution_count": null,
   "metadata": {
    "collapsed": true
   },
   "outputs": [],
   "source": [
    "dfs = pd.read_csv('Torschlag_df.csv',sep=',')"
   ]
  },
  {
   "cell_type": "code",
   "execution_count": null,
   "metadata": {
    "collapsed": false
   },
   "outputs": [],
   "source": [
    "dfs.shape #DataFrame containing all fields of Siedlerstr_Trafo"
   ]
  },
  {
   "cell_type": "code",
   "execution_count": null,
   "metadata": {
    "collapsed": true
   },
   "outputs": [],
   "source": [
    "columns_list = dfs.columns"
   ]
  },
  {
   "cell_type": "markdown",
   "metadata": {},
   "source": [
    "# Run the below code when data is read from SQL"
   ]
  },
  {
   "cell_type": "code",
   "execution_count": 12,
   "metadata": {
    "collapsed": false
   },
   "outputs": [],
   "source": [
    "cols = 'DESC energy_sample_data1 '\n",
    "columns_list = query(cols)"
   ]
  },
  {
   "cell_type": "code",
   "execution_count": 13,
   "metadata": {
    "collapsed": false
   },
   "outputs": [
    {
     "name": "stdout",
     "output_type": "stream",
     "text": [
      "Columns names:\n",
      "0     Serial_no\n",
      "1          Date\n",
      "2          Time\n",
      "3            V1\n",
      "4            V2\n",
      "5            V3\n",
      "6            I1\n",
      "7            I2\n",
      "8            I3\n",
      "9           I_N\n",
      "10         Pges\n",
      "11         Sges\n",
      "12       CosPhi\n",
      "13     Egy_trpt\n",
      "14      Egy_con\n",
      "15     Location\n",
      "Name: Field, dtype: object\n"
     ]
    }
   ],
   "source": [
    "cols_sql = pd.DataFrame(columns_list)\n",
    "print(\"Columns names:\")\n",
    "print(cols_sql.iloc[:,0])"
   ]
  },
  {
   "cell_type": "code",
   "execution_count": 14,
   "metadata": {
    "collapsed": false
   },
   "outputs": [
    {
     "name": "stdout",
     "output_type": "stream",
     "text": [
      "Columns names:\n",
      "['Serial_no', 'Date', 'Time', 'V1', 'V2', 'V3', 'I1', 'I2', 'I3', 'I_N', 'Pges', 'Sges', 'CosPhi', 'Egy_trpt', 'Egy_con', 'Location']\n"
     ]
    }
   ],
   "source": [
    "#df_cols = cols_sql.iloc[:,0] # use this to read columns from sql\n",
    "#columns_names= df_cols.tolist()\n",
    "\n",
    "print(\"Columns names:\")\n",
    "print(dfs.columns.tolist())"
   ]
  },
  {
   "cell_type": "code",
   "execution_count": 15,
   "metadata": {
    "collapsed": false
   },
   "outputs": [
    {
     "data": {
      "text/plain": [
       "319"
      ]
     },
     "execution_count": 15,
     "metadata": {},
     "output_type": "execute_result"
    }
   ],
   "source": [
    "import gc\n",
    "gc.collect()\n",
    "#dfs.iloc[0:2500000][1:].corr()\n",
    "#dfs.ix[0:2500000,'Serial_no':].corr()"
   ]
  },
  {
   "cell_type": "code",
   "execution_count": 16,
   "metadata": {
    "collapsed": false
   },
   "outputs": [
    {
     "data": {
      "text/html": [
       "<div>\n",
       "<table border=\"1\" class=\"dataframe\">\n",
       "  <thead>\n",
       "    <tr style=\"text-align: right;\">\n",
       "      <th></th>\n",
       "      <th>Serial_no</th>\n",
       "      <th>V1</th>\n",
       "      <th>V2</th>\n",
       "      <th>V3</th>\n",
       "      <th>I1</th>\n",
       "      <th>I2</th>\n",
       "      <th>I3</th>\n",
       "      <th>I_N</th>\n",
       "      <th>Pges</th>\n",
       "      <th>Sges</th>\n",
       "      <th>CosPhi</th>\n",
       "      <th>Egy_trpt</th>\n",
       "      <th>Egy_con</th>\n",
       "    </tr>\n",
       "  </thead>\n",
       "  <tbody>\n",
       "    <tr>\n",
       "      <th>Serial_no</th>\n",
       "      <td>1.000000</td>\n",
       "      <td>-0.025320</td>\n",
       "      <td>-0.007720</td>\n",
       "      <td>-0.010476</td>\n",
       "      <td>-0.114959</td>\n",
       "      <td>-0.042735</td>\n",
       "      <td>-0.075457</td>\n",
       "      <td>0.105185</td>\n",
       "      <td>-0.077842</td>\n",
       "      <td>-0.075564</td>\n",
       "      <td>-0.206987</td>\n",
       "      <td>0.007738</td>\n",
       "      <td>0.086023</td>\n",
       "    </tr>\n",
       "    <tr>\n",
       "      <th>V1</th>\n",
       "      <td>-0.025320</td>\n",
       "      <td>1.000000</td>\n",
       "      <td>0.991130</td>\n",
       "      <td>0.993705</td>\n",
       "      <td>-0.604016</td>\n",
       "      <td>-0.640298</td>\n",
       "      <td>-0.620783</td>\n",
       "      <td>-0.466267</td>\n",
       "      <td>-0.629537</td>\n",
       "      <td>-0.629026</td>\n",
       "      <td>-0.294654</td>\n",
       "      <td>-0.172488</td>\n",
       "      <td>-0.169107</td>\n",
       "    </tr>\n",
       "    <tr>\n",
       "      <th>V2</th>\n",
       "      <td>-0.007720</td>\n",
       "      <td>0.991130</td>\n",
       "      <td>1.000000</td>\n",
       "      <td>0.991146</td>\n",
       "      <td>-0.645679</td>\n",
       "      <td>-0.700357</td>\n",
       "      <td>-0.671457</td>\n",
       "      <td>-0.525099</td>\n",
       "      <td>-0.682089</td>\n",
       "      <td>-0.681748</td>\n",
       "      <td>-0.286230</td>\n",
       "      <td>-0.165618</td>\n",
       "      <td>-0.160727</td>\n",
       "    </tr>\n",
       "    <tr>\n",
       "      <th>V3</th>\n",
       "      <td>-0.010476</td>\n",
       "      <td>0.993705</td>\n",
       "      <td>0.991146</td>\n",
       "      <td>1.000000</td>\n",
       "      <td>-0.619174</td>\n",
       "      <td>-0.656904</td>\n",
       "      <td>-0.642176</td>\n",
       "      <td>-0.493280</td>\n",
       "      <td>-0.647660</td>\n",
       "      <td>-0.647252</td>\n",
       "      <td>-0.306147</td>\n",
       "      <td>-0.185598</td>\n",
       "      <td>-0.181430</td>\n",
       "    </tr>\n",
       "    <tr>\n",
       "      <th>I1</th>\n",
       "      <td>-0.114959</td>\n",
       "      <td>-0.604016</td>\n",
       "      <td>-0.645679</td>\n",
       "      <td>-0.619174</td>\n",
       "      <td>1.000000</td>\n",
       "      <td>0.934010</td>\n",
       "      <td>0.959494</td>\n",
       "      <td>0.529689</td>\n",
       "      <td>0.976394</td>\n",
       "      <td>0.976875</td>\n",
       "      <td>0.449345</td>\n",
       "      <td>0.084409</td>\n",
       "      <td>0.070725</td>\n",
       "    </tr>\n",
       "    <tr>\n",
       "      <th>I2</th>\n",
       "      <td>-0.042735</td>\n",
       "      <td>-0.640298</td>\n",
       "      <td>-0.700357</td>\n",
       "      <td>-0.656904</td>\n",
       "      <td>0.934010</td>\n",
       "      <td>1.000000</td>\n",
       "      <td>0.963953</td>\n",
       "      <td>0.750340</td>\n",
       "      <td>0.983119</td>\n",
       "      <td>0.984082</td>\n",
       "      <td>0.300134</td>\n",
       "      <td>0.032563</td>\n",
       "      <td>0.025582</td>\n",
       "    </tr>\n",
       "    <tr>\n",
       "      <th>I3</th>\n",
       "      <td>-0.075457</td>\n",
       "      <td>-0.620783</td>\n",
       "      <td>-0.671457</td>\n",
       "      <td>-0.642176</td>\n",
       "      <td>0.959494</td>\n",
       "      <td>0.963953</td>\n",
       "      <td>1.000000</td>\n",
       "      <td>0.642524</td>\n",
       "      <td>0.990615</td>\n",
       "      <td>0.990457</td>\n",
       "      <td>0.373691</td>\n",
       "      <td>0.001462</td>\n",
       "      <td>-0.007376</td>\n",
       "    </tr>\n",
       "    <tr>\n",
       "      <th>I_N</th>\n",
       "      <td>0.105185</td>\n",
       "      <td>-0.466267</td>\n",
       "      <td>-0.525099</td>\n",
       "      <td>-0.493280</td>\n",
       "      <td>0.529689</td>\n",
       "      <td>0.750340</td>\n",
       "      <td>0.642524</td>\n",
       "      <td>1.000000</td>\n",
       "      <td>0.655210</td>\n",
       "      <td>0.660546</td>\n",
       "      <td>-0.107380</td>\n",
       "      <td>-0.057639</td>\n",
       "      <td>-0.045021</td>\n",
       "    </tr>\n",
       "    <tr>\n",
       "      <th>Pges</th>\n",
       "      <td>-0.077842</td>\n",
       "      <td>-0.629537</td>\n",
       "      <td>-0.682089</td>\n",
       "      <td>-0.647660</td>\n",
       "      <td>0.976394</td>\n",
       "      <td>0.983119</td>\n",
       "      <td>0.990615</td>\n",
       "      <td>0.655210</td>\n",
       "      <td>1.000000</td>\n",
       "      <td>0.999532</td>\n",
       "      <td>0.388007</td>\n",
       "      <td>0.038172</td>\n",
       "      <td>0.028317</td>\n",
       "    </tr>\n",
       "    <tr>\n",
       "      <th>Sges</th>\n",
       "      <td>-0.075564</td>\n",
       "      <td>-0.629026</td>\n",
       "      <td>-0.681748</td>\n",
       "      <td>-0.647252</td>\n",
       "      <td>0.976875</td>\n",
       "      <td>0.984082</td>\n",
       "      <td>0.990457</td>\n",
       "      <td>0.660546</td>\n",
       "      <td>0.999532</td>\n",
       "      <td>1.000000</td>\n",
       "      <td>0.374128</td>\n",
       "      <td>0.037467</td>\n",
       "      <td>0.027833</td>\n",
       "    </tr>\n",
       "    <tr>\n",
       "      <th>CosPhi</th>\n",
       "      <td>-0.206987</td>\n",
       "      <td>-0.294654</td>\n",
       "      <td>-0.286230</td>\n",
       "      <td>-0.306147</td>\n",
       "      <td>0.449345</td>\n",
       "      <td>0.300134</td>\n",
       "      <td>0.373691</td>\n",
       "      <td>-0.107380</td>\n",
       "      <td>0.388007</td>\n",
       "      <td>0.374128</td>\n",
       "      <td>1.000000</td>\n",
       "      <td>0.260367</td>\n",
       "      <td>0.237550</td>\n",
       "    </tr>\n",
       "    <tr>\n",
       "      <th>Egy_trpt</th>\n",
       "      <td>0.007738</td>\n",
       "      <td>-0.172488</td>\n",
       "      <td>-0.165618</td>\n",
       "      <td>-0.185598</td>\n",
       "      <td>0.084409</td>\n",
       "      <td>0.032563</td>\n",
       "      <td>0.001462</td>\n",
       "      <td>-0.057639</td>\n",
       "      <td>0.038172</td>\n",
       "      <td>0.037467</td>\n",
       "      <td>0.260367</td>\n",
       "      <td>1.000000</td>\n",
       "      <td>0.996343</td>\n",
       "    </tr>\n",
       "    <tr>\n",
       "      <th>Egy_con</th>\n",
       "      <td>0.086023</td>\n",
       "      <td>-0.169107</td>\n",
       "      <td>-0.160727</td>\n",
       "      <td>-0.181430</td>\n",
       "      <td>0.070725</td>\n",
       "      <td>0.025582</td>\n",
       "      <td>-0.007376</td>\n",
       "      <td>-0.045021</td>\n",
       "      <td>0.028317</td>\n",
       "      <td>0.027833</td>\n",
       "      <td>0.237550</td>\n",
       "      <td>0.996343</td>\n",
       "      <td>1.000000</td>\n",
       "    </tr>\n",
       "  </tbody>\n",
       "</table>\n",
       "</div>"
      ],
      "text/plain": [
       "           Serial_no        V1        V2        V3        I1        I2  \\\n",
       "Serial_no   1.000000 -0.025320 -0.007720 -0.010476 -0.114959 -0.042735   \n",
       "V1         -0.025320  1.000000  0.991130  0.993705 -0.604016 -0.640298   \n",
       "V2         -0.007720  0.991130  1.000000  0.991146 -0.645679 -0.700357   \n",
       "V3         -0.010476  0.993705  0.991146  1.000000 -0.619174 -0.656904   \n",
       "I1         -0.114959 -0.604016 -0.645679 -0.619174  1.000000  0.934010   \n",
       "I2         -0.042735 -0.640298 -0.700357 -0.656904  0.934010  1.000000   \n",
       "I3         -0.075457 -0.620783 -0.671457 -0.642176  0.959494  0.963953   \n",
       "I_N         0.105185 -0.466267 -0.525099 -0.493280  0.529689  0.750340   \n",
       "Pges       -0.077842 -0.629537 -0.682089 -0.647660  0.976394  0.983119   \n",
       "Sges       -0.075564 -0.629026 -0.681748 -0.647252  0.976875  0.984082   \n",
       "CosPhi     -0.206987 -0.294654 -0.286230 -0.306147  0.449345  0.300134   \n",
       "Egy_trpt    0.007738 -0.172488 -0.165618 -0.185598  0.084409  0.032563   \n",
       "Egy_con     0.086023 -0.169107 -0.160727 -0.181430  0.070725  0.025582   \n",
       "\n",
       "                 I3       I_N      Pges      Sges    CosPhi  Egy_trpt  \\\n",
       "Serial_no -0.075457  0.105185 -0.077842 -0.075564 -0.206987  0.007738   \n",
       "V1        -0.620783 -0.466267 -0.629537 -0.629026 -0.294654 -0.172488   \n",
       "V2        -0.671457 -0.525099 -0.682089 -0.681748 -0.286230 -0.165618   \n",
       "V3        -0.642176 -0.493280 -0.647660 -0.647252 -0.306147 -0.185598   \n",
       "I1         0.959494  0.529689  0.976394  0.976875  0.449345  0.084409   \n",
       "I2         0.963953  0.750340  0.983119  0.984082  0.300134  0.032563   \n",
       "I3         1.000000  0.642524  0.990615  0.990457  0.373691  0.001462   \n",
       "I_N        0.642524  1.000000  0.655210  0.660546 -0.107380 -0.057639   \n",
       "Pges       0.990615  0.655210  1.000000  0.999532  0.388007  0.038172   \n",
       "Sges       0.990457  0.660546  0.999532  1.000000  0.374128  0.037467   \n",
       "CosPhi     0.373691 -0.107380  0.388007  0.374128  1.000000  0.260367   \n",
       "Egy_trpt   0.001462 -0.057639  0.038172  0.037467  0.260367  1.000000   \n",
       "Egy_con   -0.007376 -0.045021  0.028317  0.027833  0.237550  0.996343   \n",
       "\n",
       "            Egy_con  \n",
       "Serial_no  0.086023  \n",
       "V1        -0.169107  \n",
       "V2        -0.160727  \n",
       "V3        -0.181430  \n",
       "I1         0.070725  \n",
       "I2         0.025582  \n",
       "I3        -0.007376  \n",
       "I_N       -0.045021  \n",
       "Pges       0.028317  \n",
       "Sges       0.027833  \n",
       "CosPhi     0.237550  \n",
       "Egy_trpt   0.996343  \n",
       "Egy_con    1.000000  "
      ]
     },
     "execution_count": 16,
     "metadata": {},
     "output_type": "execute_result"
    }
   ],
   "source": [
    "dfs.corr()"
   ]
  },
  {
   "cell_type": "code",
   "execution_count": 17,
   "metadata": {
    "collapsed": false
   },
   "outputs": [
    {
     "data": {
