{
 "cells": [
  {
   "cell_type": "code",
   "execution_count": 1,
   "metadata": {
    "collapsed": true
   },
   "outputs": [],
   "source": [
    "import numpy as np # linear algebra\n",
    "import pandas as pd # data processing, CSV file I/O (e.g. pd.read_csv)\n",
    "import matplotlib as mpl\n",
    "import matplotlib.pyplot as plt\n",
    "import seaborn as sns\n",
    "%matplotlib inline"
   ]
  },
  {
   "cell_type": "code",
   "execution_count": 2,
   "metadata": {
    "collapsed": false
   },
   "outputs": [
    {
     "data": {
      "text/plain": [
       "'0.17.1'"
      ]
     },
     "execution_count": 2,
     "metadata": {},
     "output_type": "execute_result"
    }
   ],
   "source": [
    "pd.__version__ #pandas version"
   ]
  },
  {
   "cell_type": "markdown",
   "metadata": {},
   "source": [
    "# Establish Connection to DB through SSH"
   ]
  },
  {
   "cell_type": "code",
   "execution_count": 3,
   "metadata": {
    "collapsed": false
   },
   "outputs": [],
   "source": [
    "from sshtunnel import SSHTunnelForwarder\n",
    "import MySQLdb as db\n",
    "import pandas as pd\n",
    "import sys\n",
    "import logging\n",
    "#logging.basicConfig(stream=sys.stdout, level=logging.DEBUG) \n",
    "import paramiko\n",
    "#ssh = paramiko.SSHClient()\n",
    "#ssh.set_missing_host_key_policy(paramiko.AutoAddPolicy())\n",
    "#ssh.connect('ssicluster2.tk.informatik.tu-darmstadt.de',port = 12822, username='arun',password='ArunDss@123',allow_agent=False,look_for_keys=False)\n",
    "localhost = '127.0.0.1'\n",
    "user = 'root'\n",
    "password='kUrsVbpyfFWF'\n",
    "database = 'Energy_AD'\n",
    "def query(q):\n",
    "     with SSHTunnelForwarder(\n",
    "          ('ssicluster2.tk.informatik.tu-darmstadt.de', 12822),\n",
    "          allow_agent=False,\n",
    "          ssh_username='arun',\n",
    "          ssh_password = 'ArunDss@123',\n",
    "          #remote_bind_address=('130.83.163.8', 3306)\n",
    "          remote_bind_address=('127.0.0.1', 3306)\n",
    "           \n",
    "     ) as server:\n",
    "          conn = db.connect(host=localhost,\n",
    "          port=server.local_bind_port,\n",
    "          user=user,\n",
    "          passwd=password,\n",
    "          db=database)\n",
    "\n",
    "          return pd.read_sql_query(q, conn)"
   ]
  },
  {
   "cell_type": "markdown",
   "metadata": {},
   "source": [
    "# Run the desired query "
   ]
  },
  {
   "cell_type": "code",
   "execution_count": 9,
   "metadata": {
    "collapsed": false
   },
   "outputs": [
    {
     "name": "stdout",
     "output_type": "stream",
     "text": [
      "Start date and time using str method of datetime object:\n",
      "2016-12-23 16:23:49.924397\n",
      "SELECT * FROM energy_sample_data1 where location like 'Torschlag_Trafo%' ORDER BY Serial_no LIMIT 604799 OFFSET 1630989\n",
      "End date and time using str method of datetime object:\n",
      "2016-12-23 16:30:47.340456\n",
      "Execution Completed\n"
     ]
    }
   ],
   "source": [
    "#!/home/arun/anaconda2/bin/python\n",
    "import MySQLdb as db1\n",
    "import pandas as pd\n",
    "import datetime\n",
    "import pandas.io.sql as psql\n",
    "\n",
    "now = datetime.datetime.now()\n",
    "print \"Start date and time using str method of datetime object:\"\n",
    "print str(now)\n",
    "\n",
    "chunk_size = 604799\n",
    "offset = 1630989\n",
    "location = 'Torschlag_Trafo' + '%'\n",
    "list_data = []\n",
    "#Uncomment and run the below query to read all the data of particular location\n",
    "#while True:\n",
    "#    q = (\"SELECT * FROM energy_sample_data1 where location like '%s' ORDER BY Serial_no LIMIT %s\" % (location,chunk_size))\n",
    "#    print(q)\n",
    "#    list_data.append(query(q))\n",
    "#    offset += chunk_size\n",
    "#    if len(list_data[-1]) < chunk_size:\n",
    "#        break\n",
    "#print(\"Query executed\")\n",
    "# print(\"Concatenating....\")\n",
    "# dfs = pd.concat(list_data)\n",
    "\n",
    "#To read only specific rows of data\n",
    "q = (\"SELECT * FROM energy_sample_data1 where location like '%s' ORDER BY Serial_no LIMIT %s OFFSET %s\" % (location,chunk_size,offset))\n",
    "print(q)\n",
    "list_data.append(query(q))\n",
    "dfs = pd.concat(list_data)\n",
    "\n",
    "\n",
    "\n",
    "now1 = datetime.datetime.now()\n",
    "print \"End date and time using str method of datetime object:\"\n",
    "print str(now1)\n",
    "\n",
    "print(\"Execution Completed\")\n",
    "\n",
    "\n",
    "\n",
    "\n",
    "\n"
   ]
  },
  {
   "cell_type": "code",
   "execution_count": 10,
   "metadata": {
    "collapsed": false
   },
   "outputs": [
    {
     "data": {
      "text/plain": [
       "(604799, 16)"
      ]
     },
     "execution_count": 10,
     "metadata": {},
     "output_type": "execute_result"
    }
   ],
   "source": [
    "dfs.shape"
   ]
  },
  {
   "cell_type": "code",
   "execution_count": 13,
   "metadata": {
    "collapsed": false
   },
   "outputs": [
    {
     "data": {
      "text/html": [
       "<div>\n",
       "<table border=\"1\" class=\"dataframe\">\n",
       "  <thead>\n",
       "    <tr style=\"text-align: right;\">\n",
       "      <th></th>\n",
       "      <th>Serial_no</th>\n",
       "      <th>Date</th>\n",
       "      <th>Time</th>\n",
       "      <th>V1</th>\n",
       "      <th>V2</th>\n",
       "      <th>V3</th>\n",
       "      <th>I1</th>\n",
       "      <th>I2</th>\n",
       "      <th>I3</th>\n",
       "      <th>I_N</th>\n",
       "      <th>Pges</th>\n",
       "      <th>Sges</th>\n",
       "      <th>CosPhi</th>\n",
       "      <th>Egy_trpt</th>\n",
       "      <th>Egy_con</th>\n",
       "      <th>Location</th>\n",
       "    </tr>\n",
       "  </thead>\n",
       "  <tbody>\n",
       "    <tr>\n",
       "      <th>0</th>\n",
       "      <td>64977941</td>\n",
       "      <td>2015-12-09</td>\n",
       "      <td>00:00:00</td>\n",
       "      <td>234.35</td>\n",
       "      <td>234.04</td>\n",
       "      <td>234.00</td>\n",
       "      <td>10.54</td>\n",
       "      <td>27.90</td>\n",
       "      <td>28.89</td>\n",
       "      <td>14.21</td>\n",
       "      <td>15377.75</td>\n",
       "      <td>15772.09</td>\n",
       "      <td>0.91</td>\n",
       "      <td>1674</td>\n",
       "      <td>4120176.00</td>\n",
       "      <td>Torschlag_Trafo_09122015.csv</td>\n",
       "    </tr>\n",
       "    <tr>\n",
       "      <th>1</th>\n",
       "      <td>64977942</td>\n",
       "      <td>2015-12-09</td>\n",
       "      <td>00:00:01</td>\n",
       "      <td>234.80</td>\n",
       "      <td>234.44</td>\n",
       "      <td>234.41</td>\n",
       "      <td>10.59</td>\n",
       "      <td>27.99</td>\n",
       "      <td>28.82</td>\n",
       "      <td>13.88</td>\n",
       "      <td>15390.90</td>\n",
       "      <td>15802.31</td>\n",
       "      <td>0.91</td>\n",
       "      <td>1674</td>\n",
       "      <td>4120193.92</td>\n",
       "      <td>Torschlag_Trafo_09122015.csv</td>\n",
       "    </tr>\n",
       "    <tr>\n",
       "      <th>2</th>\n",
       "      <td>64977943</td>\n",
       "      <td>2015-12-09</td>\n",
       "      <td>00:00:02</td>\n",
       "      <td>234.80</td>\n",
       "      <td>234.44</td>\n",
       "      <td>234.41</td>\n",
       "      <td>10.59</td>\n",
       "      <td>27.99</td>\n",
       "      <td>28.82</td>\n",
       "      <td>13.88</td>\n",
       "      <td>15390.90</td>\n",
       "      <td>15802.31</td>\n",
       "      <td>0.91</td>\n",
       "      <td>1674</td>\n",
       "      <td>4120193.92</td>\n",
       "      <td>Torschlag_Trafo_09122015.csv</td>\n",
       "    </tr>\n",
       "    <tr>\n",
       "      <th>3</th>\n",
       "      <td>64977944</td>\n",
       "      <td>2015-12-09</td>\n",
       "      <td>00:00:03</td>\n",
       "      <td>234.80</td>\n",
       "      <td>234.44</td>\n",
       "      <td>234.41</td>\n",
       "      <td>10.59</td>\n",
       "      <td>27.99</td>\n",
       "      <td>28.82</td>\n",
       "      <td>13.88</td>\n",
       "      <td>15390.90</td>\n",
       "      <td>15802.31</td>\n",
       "      <td>0.91</td>\n",
       "      <td>1674</td>\n",
       "      <td>4120193.92</td>\n",
       "      <td>Torschlag_Trafo_09122015.csv</td>\n",
       "    </tr>\n",
       "    <tr>\n",
       "      <th>4</th>\n",
       "      <td>64977945</td>\n",
       "      <td>2015-12-09</td>\n",
       "      <td>00:00:04</td>\n",
       "      <td>234.80</td>\n",
       "      <td>234.44</td>\n",
       "      <td>234.41</td>\n",
       "      <td>10.59</td>\n",
       "      <td>27.99</td>\n",
       "      <td>28.82</td>\n",
       "      <td>14.13</td>\n",
       "      <td>15390.90</td>\n",
       "      <td>15802.31</td>\n",
       "      <td>0.91</td>\n",
       "      <td>1674</td>\n",
       "      <td>4120193.92</td>\n",
       "      <td>Torschlag_Trafo_09122015.csv</td>\n",
       "    </tr>\n",
       "  </tbody>\n",
       "</table>\n",
       "</div>"
      ],
      "text/plain": [
       "   Serial_no        Date     Time      V1      V2      V3     I1     I2  \\\n",
       "0   64977941  2015-12-09 00:00:00  234.35  234.04  234.00  10.54  27.90   \n",
       "1   64977942  2015-12-09 00:00:01  234.80  234.44  234.41  10.59  27.99   \n",
       "2   64977943  2015-12-09 00:00:02  234.80  234.44  234.41  10.59  27.99   \n",
       "3   64977944  2015-12-09 00:00:03  234.80  234.44  234.41  10.59  27.99   \n",
       "4   64977945  2015-12-09 00:00:04  234.80  234.44  234.41  10.59  27.99   \n",
       "\n",
       "      I3    I_N      Pges      Sges  CosPhi  Egy_trpt     Egy_con  \\\n",
       "0  28.89  14.21  15377.75  15772.09    0.91      1674  4120176.00   \n",
       "1  28.82  13.88  15390.90  15802.31    0.91      1674  4120193.92   \n",
       "2  28.82  13.88  15390.90  15802.31    0.91      1674  4120193.92   \n",
       "3  28.82  13.88  15390.90  15802.31    0.91      1674  4120193.92   \n",
       "4  28.82  14.13  15390.90  15802.31    0.91      1674  4120193.92   \n",
       "\n",
       "                       Location  \n",
       "0  Torschlag_Trafo_09122015.csv  \n",
       "1  Torschlag_Trafo_09122015.csv  \n",
       "2  Torschlag_Trafo_09122015.csv  \n",
       "3  Torschlag_Trafo_09122015.csv  \n",
       "4  Torschlag_Trafo_09122015.csv  "
      ]
     },
     "execution_count": 13,
     "metadata": {},
     "output_type": "execute_result"
    }
   ],
   "source": [
    "dfs.head()"
   ]
  },
  {
   "cell_type": "code",
   "execution_count": 14,
   "metadata": {
    "collapsed": false,
    "scrolled": true
   },
   "outputs": [
    {
     "data": {
      "text/html": [
       "<div>\n",
       "<table border=\"1\" class=\"dataframe\">\n",
       "  <thead>\n",
       "    <tr style=\"text-align: right;\">\n",
       "      <th></th>\n",
       "      <th>Serial_no</th>\n",
       "      <th>Date</th>\n",
       "      <th>Time</th>\n",
       "      <th>V1</th>\n",
       "      <th>V2</th>\n",
       "      <th>V3</th>\n",
       "      <th>I1</th>\n",
       "      <th>I2</th>\n",
       "      <th>I3</th>\n",
       "      <th>I_N</th>\n",
       "      <th>Pges</th>\n",
       "      <th>Sges</th>\n",
       "      <th>CosPhi</th>\n",
       "      <th>Egy_trpt</th>\n",
       "      <th>Egy_con</th>\n",
       "      <th>Location</th>\n",
       "    </tr>\n",
       "  </thead>\n",
       "  <tbody>\n",
       "    <tr>\n",
       "      <th>604794</th>\n",
       "      <td>65850756</td>\n",
       "      <td>2015-12-12</td>\n",
       "      <td>23:59:55</td>\n",
       "      <td>234.88</td>\n",
       "      <td>234.52</td>\n",
       "      <td>234.30</td>\n",
       "      <td>6.89</td>\n",
       "      <td>14.89</td>\n",
       "      <td>17.37</td>\n",
       "      <td>15.45</td>\n",
       "      <td>8633.30</td>\n",
       "      <td>9166.96</td>\n",
       "      <td>0.89</td>\n",
       "      <td>1674</td>\n",
       "      <td>6242798.72</td>\n",
       "      <td>Torschlag_Trafo_12122015.csv</td>\n",
       "    </tr>\n",
       "    <tr>\n",
       "      <th>604795</th>\n",
       "      <td>65850757</td>\n",
       "      <td>2015-12-12</td>\n",
       "      <td>23:59:56</td>\n",
       "      <td>234.88</td>\n",
       "      <td>234.52</td>\n",
       "      <td>234.30</td>\n",
       "      <td>6.89</td>\n",
       "      <td>14.89</td>\n",
       "      <td>17.37</td>\n",
       "      <td>15.45</td>\n",
       "      <td>8633.30</td>\n",
       "      <td>9166.96</td>\n",
       "      <td>0.89</td>\n",
       "      <td>1674</td>\n",
       "      <td>6242798.72</td>\n",
       "      <td>Torschlag_Trafo_12122015.csv</td>\n",
       "    </tr>\n",
       "    <tr>\n",
       "      <th>604796</th>\n",
       "      <td>65850758</td>\n",
       "      <td>2015-12-12</td>\n",
       "      <td>23:59:57</td>\n",
       "      <td>234.88</td>\n",
       "      <td>234.52</td>\n",
       "      <td>234.30</td>\n",
       "      <td>6.89</td>\n",
       "      <td>14.89</td>\n",
       "      <td>17.37</td>\n",
       "      <td>15.54</td>\n",
       "      <td>8633.30</td>\n",
       "      <td>9166.96</td>\n",
       "      <td>0.89</td>\n",
       "      <td>1674</td>\n",
       "      <td>6242798.72</td>\n",
       "      <td>Torschlag_Trafo_12122015.csv</td>\n",
       "    </tr>\n",
       "    <tr>\n",
       "      <th>604797</th>\n",
       "      <td>65850759</td>\n",
       "      <td>2015-12-12</td>\n",
       "      <td>23:59:58</td>\n",
       "      <td>234.91</td>\n",
       "      <td>234.57</td>\n",
       "      <td>234.37</td>\n",
       "      <td>6.83</td>\n",
       "      <td>15.34</td>\n",
       "      <td>17.39</td>\n",
       "      <td>15.54</td>\n",
       "      <td>8727.95</td>\n",
       "      <td>9269.49</td>\n",
       "      <td>0.89</td>\n",
       "      <td>1674</td>\n",
       "      <td>6242798.72</td>\n",
       "      <td>Torschlag_Trafo_12122015.csv</td>\n",
       "    </tr>\n",
       "    <tr>\n",
       "      <th>604798</th>\n",
       "      <td>65850760</td>\n",
       "      <td>2015-12-12</td>\n",
       "      <td>23:59:59</td>\n",
       "      <td>234.91</td>\n",
       "      <td>234.57</td>\n",
       "      <td>234.37</td>\n",
       "      <td>6.83</td>\n",
       "      <td>15.34</td>\n",
       "      <td>17.39</td>\n",
       "      <td>15.54</td>\n",
       "      <td>8727.95</td>\n",
       "      <td>9269.49</td>\n",
       "      <td>0.89</td>\n",
       "      <td>1674</td>\n",
       "      <td>6242808.32</td>\n",
       "      <td>Torschlag_Trafo_12122015.csv</td>\n",
       "    </tr>\n",
       "  </tbody>\n",
       "</table>\n",
       "</div>"
      ],
      "text/plain": [
       "        Serial_no        Date     Time      V1      V2      V3    I1     I2  \\\n",
       "604794   65850756  2015-12-12 23:59:55  234.88  234.52  234.30  6.89  14.89   \n",
       "604795   65850757  2015-12-12 23:59:56  234.88  234.52  234.30  6.89  14.89   \n",
       "604796   65850758  2015-12-12 23:59:57  234.88  234.52  234.30  6.89  14.89   \n",
       "604797   65850759  2015-12-12 23:59:58  234.91  234.57  234.37  6.83  15.34   \n",
       "604798   65850760  2015-12-12 23:59:59  234.91  234.57  234.37  6.83  15.34   \n",
       "\n",
       "           I3    I_N     Pges     Sges  CosPhi  Egy_trpt     Egy_con  \\\n",
       "604794  17.37  15.45  8633.30  9166.96    0.89      1674  6242798.72   \n",
       "604795  17.37  15.45  8633.30  9166.96    0.89      1674  6242798.72   \n",
       "604796  17.37  15.54  8633.30  9166.96    0.89      1674  6242798.72   \n",
       "604797  17.39  15.54  8727.95  9269.49    0.89      1674  6242798.72   \n",
       "604798  17.39  15.54  8727.95  9269.49    0.89      1674  6242808.32   \n",
       "\n",
       "                            Location  \n",
       "604794  Torschlag_Trafo_12122015.csv  \n",
       "604795  Torschlag_Trafo_12122015.csv  \n",
       "604796  Torschlag_Trafo_12122015.csv  \n",
       "604797  Torschlag_Trafo_12122015.csv  \n",
       "604798  Torschlag_Trafo_12122015.csv  "
      ]
     },
     "execution_count": 14,
     "metadata": {},
     "output_type": "execute_result"
    }
   ],
   "source": [
    "dfs.tail()"
   ]
  },
  {
   "cell_type": "markdown",
   "metadata": {},
   "source": [
    "# Read the saved CSV\n"
   ]
  },
  {
   "cell_type": "code",
   "execution_count": null,
   "metadata": {
    "collapsed": true
   },
   "outputs": [],
   "source": [
    "dfs = pd.read_csv('Torschlag_df.csv',sep=',')"
   ]
  },
  {
   "cell_type": "code",
   "execution_count": null,
   "metadata": {
    "collapsed": false
   },
   "outputs": [],
   "source": [
    "dfs.shape #DataFrame containing all fields of Siedlerstr_Trafo"
   ]
  },
  {
   "cell_type": "code",
   "execution_count": null,
   "metadata": {
    "collapsed": true
   },
   "outputs": [],
   "source": [
    "columns_list = dfs.columns"
   ]
  },
  {
   "cell_type": "markdown",
   "metadata": {},
   "source": [
    "# Run the below code when data is read from SQL"
   ]
  },
  {
   "cell_type": "code",
   "execution_count": 15,
   "metadata": {
    "collapsed": false
   },
   "outputs": [],
   "source": [
    "cols = 'DESC energy_sample_data1 '\n",
    "columns_list = query(cols)"
   ]
  },
  {
   "cell_type": "code",
   "execution_count": 16,
   "metadata": {
    "collapsed": false
   },
   "outputs": [
    {
     "name": "stdout",
     "output_type": "stream",
     "text": [
      "Columns names:\n",
      "0     Serial_no\n",
      "1          Date\n",
      "2          Time\n",
      "3            V1\n",
      "4            V2\n",
      "5            V3\n",
      "6            I1\n",
      "7            I2\n",
      "8            I3\n",
      "9           I_N\n",
      "10         Pges\n",
      "11         Sges\n",
      "12       CosPhi\n",
      "13     Egy_trpt\n",
      "14      Egy_con\n",
      "15     Location\n",
      "Name: Field, dtype: object\n"
     ]
    }
   ],
   "source": [
    "cols_sql = pd.DataFrame(columns_list)\n",
    "print(\"Columns names:\")\n",
    "print(cols_sql.iloc[:,0])"
   ]
  },
  {
   "cell_type": "code",
   "execution_count": 17,
   "metadata": {
    "collapsed": false
   },
   "outputs": [
    {
     "name": "stdout",
     "output_type": "stream",
     "text": [
      "Columns names:\n",
      "['Serial_no', 'Date', 'Time', 'V1', 'V2', 'V3', 'I1', 'I2', 'I3', 'I_N', 'Pges', 'Sges', 'CosPhi', 'Egy_trpt', 'Egy_con', 'Location']\n"
     ]
    }
   ],
   "source": [
    "#df_cols = cols_sql.iloc[:,0] # use this to read columns from sql\n",
    "#columns_names= df_cols.tolist()\n",
    "\n",
    "print(\"Columns names:\")\n",
    "print(dfs.columns.tolist())"
   ]
  },
  {
   "cell_type": "code",
   "execution_count": 18,
   "metadata": {
    "collapsed": false
   },
   "outputs": [
    {
     "data": {
      "text/plain": [
       "319"
      ]
     },
     "execution_count": 18,
     "metadata": {},
     "output_type": "execute_result"
    }
   ],
   "source": [
    "import gc\n",
    "gc.collect()\n",
    "#dfs.iloc[0:2500000][1:].corr()\n",
    "#dfs.ix[0:2500000,'Serial_no':].corr()"
   ]
  },
  {
   "cell_type": "code",
   "execution_count": 19,
   "metadata": {
    "collapsed": false
   },
   "outputs": [
    {
     "data": {
      "text/html": [
       "<div>\n",
       "<table border=\"1\" class=\"dataframe\">\n",
       "  <thead>\n",
       "    <tr style=\"text-align: right;\">\n",
       "      <th></th>\n",
       "      <th>Serial_no</th>\n",
       "      <th>V1</th>\n",
       "      <th>V2</th>\n",
       "      <th>V3</th>\n",
       "      <th>I1</th>\n",
       "      <th>I2</th>\n",
       "      <th>I3</th>\n",
       "      <th>I_N</th>\n",
       "      <th>Pges</th>\n",
       "      <th>Sges</th>\n",
       "      <th>CosPhi</th>\n",
       "      <th>Egy_trpt</th>\n",
       "      <th>Egy_con</th>\n",
       "    </tr>\n",
       "  </thead>\n",
       "  <tbody>\n",
       "    <tr>\n",
       "      <th>Serial_no</th>\n",
       "      <td>1.000000</td>\n",
       "      <td>-0.061186</td>\n",
       "      <td>-0.047795</td>\n",
       "      <td>-0.045950</td>\n",
       "      <td>-0.079694</td>\n",
       "      <td>-0.023684</td>\n",
       "      <td>-0.077319</td>\n",
       "      <td>0.073785</td>\n",
       "      <td>-0.050939</td>\n",
       "      <td>-0.059504</td>\n",
       "      <td>0.113758</td>\n",
       "      <td>0.015347</td>\n",
       "      <td>0.083134</td>\n",
       "    </tr>\n",
       "    <tr>\n",
       "      <th>V1</th>\n",
       "      <td>-0.061186</td>\n",
       "      <td>1.000000</td>\n",
       "      <td>0.984781</td>\n",
       "      <td>0.990834</td>\n",
       "      <td>-0.461778</td>\n",
       "      <td>-0.498223</td>\n",
       "      <td>-0.470610</td>\n",
       "      <td>-0.390777</td>\n",
       "      <td>-0.481145</td>\n",
       "      <td>-0.479035</td>\n",
       "      <td>-0.243895</td>\n",
       "      <td>-0.050531</td>\n",
       "      <td>-0.042033</td>\n",
       "    </tr>\n",
       "    <tr>\n",
       "      <th>V2</th>\n",
       "      <td>-0.047795</td>\n",
       "      <td>0.984781</td>\n",
       "      <td>1.000000</td>\n",
       "      <td>0.986839</td>\n",
       "      <td>-0.537509</td>\n",
       "      <td>-0.594770</td>\n",
       "      <td>-0.554325</td>\n",
       "      <td>-0.484340</td>\n",
       "      <td>-0.568704</td>\n",
       "      <td>-0.566925</td>\n",
       "      <td>-0.249997</td>\n",
       "      <td>-0.085885</td>\n",
       "      <td>-0.076684</td>\n",
       "    </tr>\n",
       "    <tr>\n",
       "      <th>V3</th>\n",
       "      <td>-0.045950</td>\n",
       "      <td>0.990834</td>\n",
       "      <td>0.986839</td>\n",
       "      <td>1.000000</td>\n",
       "      <td>-0.481387</td>\n",
       "      <td>-0.523004</td>\n",
       "      <td>-0.499584</td>\n",
       "      <td>-0.427836</td>\n",
       "      <td>-0.506027</td>\n",
       "      <td>-0.504094</td>\n",
       "      <td>-0.232913</td>\n",
       "      <td>-0.092053</td>\n",
       "      <td>-0.082053</td>\n",
       "    </tr>\n",
       "    <tr>\n",
       "      <th>I1</th>\n",
       "      <td>-0.079694</td>\n",
       "      <td>-0.461778</td>\n",
       "      <td>-0.537509</td>\n",
       "      <td>-0.481387</td>\n",
       "      <td>1.000000</td>\n",
       "      <td>0.944327</td>\n",
       "      <td>0.966632</td>\n",
       "      <td>0.576872</td>\n",
       "      <td>0.980414</td>\n",
       "      <td>0.982246</td>\n",
       "      <td>0.508316</td>\n",
       "      <td>-0.053762</td>\n",
       "      <td>-0.069475</td>\n",
       "    </tr>\n",
       "    <tr>\n",
       "      <th>I2</th>\n",
       "      <td>-0.023684</td>\n",
       "      <td>-0.498223</td>\n",
       "      <td>-0.594770</td>\n",
       "      <td>-0.523004</td>\n",
       "      <td>0.944327</td>\n",
       "      <td>1.000000</td>\n",
       "      <td>0.959593</td>\n",
       "      <td>0.779126</td>\n",
       "      <td>0.984416</td>\n",
       "      <td>0.984252</td>\n",
       "      <td>0.388380</td>\n",
       "      <td>-0.001593</td>\n",
       "      <td>-0.012601</td>\n",
       "    </tr>\n",
       "    <tr>\n",
       "      <th>I3</th>\n",
       "      <td>-0.077319</td>\n",
       "      <td>-0.470610</td>\n",
       "      <td>-0.554325</td>\n",
       "      <td>-0.499584</td>\n",
       "      <td>0.966632</td>\n",
       "      <td>0.959593</td>\n",
       "      <td>1.000000</td>\n",
       "      <td>0.665413</td>\n",
       "      <td>0.988751</td>\n",
       "      <td>0.989328</td>\n",
       "      <td>0.444597</td>\n",
       "      <td>-0.061167</td>\n",
       "      <td>-0.077148</td>\n",
       "    </tr>\n",
       "    <tr>\n",
       "      <th>I_N</th>\n",
       "      <td>0.073785</td>\n",
       "      <td>-0.390777</td>\n",
       "      <td>-0.484340</td>\n",
       "      <td>-0.427836</td>\n",
       "      <td>0.576872</td>\n",
       "      <td>0.779126</td>\n",
       "      <td>0.665413</td>\n",
       "      <td>1.000000</td>\n",
       "      <td>0.693088</td>\n",
       "      <td>0.691420</td>\n",
       "      <td>0.028076</td>\n",
       "      <td>0.087665</td>\n",
       "      <td>0.087795</td>\n",
       "    </tr>\n",
       "    <tr>\n",
       "      <th>Pges</th>\n",
       "      <td>-0.050939</td>\n",
       "      <td>-0.481145</td>\n",
       "      <td>-0.568704</td>\n",
       "      <td>-0.506027</td>\n",
       "      <td>0.980414</td>\n",
       "      <td>0.984416</td>\n",
       "      <td>0.988751</td>\n",
       "      <td>0.693088</td>\n",
       "      <td>1.000000</td>\n",
       "      <td>0.999222</td>\n",
       "      <td>0.463588</td>\n",
       "      <td>-0.036052</td>\n",
       "      <td>-0.049836</td>\n",
       "    </tr>\n",
       "    <tr>\n",
       "      <th>Sges</th>\n",
       "      <td>-0.059504</td>\n",
       "      <td>-0.479035</td>\n",
       "      <td>-0.566925</td>\n",
       "      <td>-0.504094</td>\n",
       "      <td>0.982246</td>\n",
       "      <td>0.984252</td>\n",
       "      <td>0.989328</td>\n",
       "      <td>0.691420</td>\n",
       "      <td>0.999222</td>\n",
       "      <td>1.000000</td>\n",
       "      <td>0.448179</td>\n",
       "      <td>-0.039272</td>\n",
       "      <td>-0.053510</td>\n",
       "    </tr>\n",
       "    <tr>\n",
       "      <th>CosPhi</th>\n",
       "      <td>0.113758</td>\n",
       "      <td>-0.243895</td>\n",
       "      <td>-0.249997</td>\n",
       "      <td>-0.232913</td>\n",
       "      <td>0.508316</td>\n",
       "      <td>0.388380</td>\n",
       "      <td>0.444597</td>\n",
       "      <td>0.028076</td>\n",
       "      <td>0.463588</td>\n",
       "      <td>0.448179</td>\n",
       "      <td>1.000000</td>\n",
       "      <td>-0.091796</td>\n",
       "      <td>-0.094698</td>\n",
       "    </tr>\n",
       "    <tr>\n",
       "      <th>Egy_trpt</th>\n",
       "      <td>0.015347</td>\n",
       "      <td>-0.050531</td>\n",
       "      <td>-0.085885</td>\n",
       "      <td>-0.092053</td>\n",
       "      <td>-0.053762</td>\n",
       "      <td>-0.001593</td>\n",
       "      <td>-0.061167</td>\n",
       "      <td>0.087665</td>\n",
       "      <td>-0.036052</td>\n",
       "      <td>-0.039272</td>\n",
       "      <td>-0.091796</td>\n",
       "      <td>1.000000</td>\n",
       "      <td>0.996203</td>\n",
       "    </tr>\n",
       "    <tr>\n",
       "      <th>Egy_con</th>\n",
       "      <td>0.083134</td>\n",
       "      <td>-0.042033</td>\n",
       "      <td>-0.076684</td>\n",
       "      <td>-0.082053</td>\n",
       "      <td>-0.069475</td>\n",
       "      <td>-0.012601</td>\n",
       "      <td>-0.077148</td>\n",
       "      <td>0.087795</td>\n",
       "      <td>-0.049836</td>\n",
       "      <td>-0.053510</td>\n",
       "      <td>-0.094698</td>\n",
       "      <td>0.996203</td>\n",
       "      <td>1.000000</td>\n",
       "    </tr>\n",
       "  </tbody>\n",
       "</table>\n",
       "</div>"
      ],
      "text/plain": [
       "           Serial_no        V1        V2        V3        I1        I2  \\\n",
       "Serial_no   1.000000 -0.061186 -0.047795 -0.045950 -0.079694 -0.023684   \n",
       "V1         -0.061186  1.000000  0.984781  0.990834 -0.461778 -0.498223   \n",
       "V2         -0.047795  0.984781  1.000000  0.986839 -0.537509 -0.594770   \n",
       "V3         -0.045950  0.990834  0.986839  1.000000 -0.481387 -0.523004   \n",
       "I1         -0.079694 -0.461778 -0.537509 -0.481387  1.000000  0.944327   \n",
       "I2         -0.023684 -0.498223 -0.594770 -0.523004  0.944327  1.000000   \n",
       "I3         -0.077319 -0.470610 -0.554325 -0.499584  0.966632  0.959593   \n",
       "I_N         0.073785 -0.390777 -0.484340 -0.427836  0.576872  0.779126   \n",
       "Pges       -0.050939 -0.481145 -0.568704 -0.506027  0.980414  0.984416   \n",
       "Sges       -0.059504 -0.479035 -0.566925 -0.504094  0.982246  0.984252   \n",
       "CosPhi      0.113758 -0.243895 -0.249997 -0.232913  0.508316  0.388380   \n",
       "Egy_trpt    0.015347 -0.050531 -0.085885 -0.092053 -0.053762 -0.001593   \n",
       "Egy_con     0.083134 -0.042033 -0.076684 -0.082053 -0.069475 -0.012601   \n",
       "\n",
       "                 I3       I_N      Pges      Sges    CosPhi  Egy_trpt  \\\n",
       "Serial_no -0.077319  0.073785 -0.050939 -0.059504  0.113758  0.015347   \n",
       "V1        -0.470610 -0.390777 -0.481145 -0.479035 -0.243895 -0.050531   \n",
       "V2        -0.554325 -0.484340 -0.568704 -0.566925 -0.249997 -0.085885   \n",
       "V3        -0.499584 -0.427836 -0.506027 -0.504094 -0.232913 -0.092053   \n",
       "I1         0.966632  0.576872  0.980414  0.982246  0.508316 -0.053762   \n",
       "I2         0.959593  0.779126  0.984416  0.984252  0.388380 -0.001593   \n",
       "I3         1.000000  0.665413  0.988751  0.989328  0.444597 -0.061167   \n",
       "I_N        0.665413  1.000000  0.693088  0.691420  0.028076  0.087665   \n",
       "Pges       0.988751  0.693088  1.000000  0.999222  0.463588 -0.036052   \n",
       "Sges       0.989328  0.691420  0.999222  1.000000  0.448179 -0.039272   \n",
       "CosPhi     0.444597  0.028076  0.463588  0.448179  1.000000 -0.091796   \n",
       "Egy_trpt  -0.061167  0.087665 -0.036052 -0.039272 -0.091796  1.000000   \n",
       "Egy_con   -0.077148  0.087795 -0.049836 -0.053510 -0.094698  0.996203   \n",
       "\n",
       "            Egy_con  \n",
       "Serial_no  0.083134  \n",
       "V1        -0.042033  \n",
       "V2        -0.076684  \n",
       "V3        -0.082053  \n",
       "I1        -0.069475  \n",
       "I2        -0.012601  \n",
       "I3        -0.077148  \n",
       "I_N        0.087795  \n",
       "Pges      -0.049836  \n",
       "Sges      -0.053510  \n",
       "CosPhi    -0.094698  \n",
       "Egy_trpt   0.996203  \n",
       "Egy_con    1.000000  "
      ]
     },
     "execution_count": 19,
     "metadata": {},
     "output_type": "execute_result"
    }
   ],
   "source": [
    "dfs.corr()"
   ]
  },
  {
   "cell_type": "code",
   "execution_count": 20,
   "metadata": {
    "collapsed": false
   },
   "outputs": [
    {
     "data": {
